0.021579384803771973,0.09044694900512695,0.47675514221191406,0.9552865028381348,4.606443881988525,9.131484985351562,-1.768292647103754,-0.5487805134879601,0.3048780600843749,12.855188436806202,77.66770485788584,781,43821.515625,null,81,0,1540621234100
-4.457836627960205,-3.2284367084503174,3.9411401748657227,-3.734954595565796,1.2617442607879639,12.629413604736328,62.31707504368724,-15.487805697746168,-111.70732040383,12.8617791,77.6616888,null,22.104999542236328,null,null,null,1540621353044
-3.3628644943237305,-6.506086826324463,-1.7874045372009277,0.2585737705230713,-0.6129156351089478,5.16429328918457,-112.31707188160455,-22.74390326628611,-82.8658562560215,12.8617791,77.6616887,null,22.41900062561035,null,null,null,1540621373859
0.9751311540603638,-4.821110248565674,0.2739276885986328,2.4875755310058594,0.011971008032560349,8.671798706054688,5.1219511746297455,15.000000417413029,50.792681272232315,12.8617792,77.6616887,null,22.42099952697754,null,null,null,1540621386087
3.8358514308929443,1.8782978057861328,-4.0584025382995605,6.433219909667969,5.621585369110107,4.6255974769592285,-107.98780428751616,-9.207316982325214,77.56097810126684,12.8618065,77.6616897,null,23.2810001373291,null,null,null,1540621406651
2.711003065109253,0.5925705432891846,-2.1328516006469727,5.944802761077881,4.1395745277404785,6.418854713439941,47.74390339279206,12.500000063252974,63.17073257672294,12.8617805,77.6616895,null,22.822999954223633,null,null,null,1540621406650
-0.8068208694458008,-1.4651241302490234,2.9040303230285645,6.536170482635498,-3.421314239501953,9.102754592895508,-27.743902267058928,18.90243924498357,-40.79268327068669,12.8617812,77.6616921,null,22.631999969482422,null,null,null,1540621406651
-0.00548243522644043,-1.4630892276763916,-0.2889738082885742,2.1595699787139893,-0.9289502501487732,9.260771751403809,-40.85365978450197,37.256096695818705,-45.00000125223908,12.8617637,77.6616887,null,22.71500015258789,null,null,null,1540621406651
-0.2562168836593628,0.7821778059005737,0.18876934051513672,-1.7118542194366455,2.451662540435791,9.742006301879883,14.451220330811891,5.853658668242634,27.073170860374503,12.8617821,77.6616882,null,22.94099998474121,null,null,null,1540621452670
-0.2301725149154663,0.27112603187561035,0.7085390090942383,-1.213860273361206,2.8179752826690674,10.127472877502441,-8.597561235682434,1.95121941378527,27.1341456666425,12.8617821,77.6616883,null,22.863000869750977,null,null,null,1540621452669
0.16903865337371826,0.288118839263916,1.3658447265625,-1.0534487962722778,3.028665065765381,10.702081680297852,17.13414595754958,-25.24390276667252,-81.09756126104023,12.8617822,77.6616883,null,22.94099998474121,null,null,null,1540621470620
0.10799932479858398,0.45787906646728516,0.35793113708496094,-2.760514497756958,2.382230758666992,9.536105155944824,2.682926907398158,2.1951220539518403,11.585366016401982,12.8617818,77.6616882,null,22.9689998626709,null,null,null,1540621470620
-0.11000329256057739,0.13190984725952148,0.31844234466552734,-0.7350199222564697,2.52109432220459,9.80904483795166,2.49999992727323,-0.7317073335303292,-9.39024396245014,12.8617644,77.6616888,null,22.965999603271484,null,null,null,1540621488359
1.147073745727539,0.6626503467559814,-0.32647132873535156,-0.5530605912208557,2.698265314102173,9.114726066589355,-11.402439036277054,33.23170825571217,67.62195319844191,12.8617648,77.6616888,null,22.878000259399414,null,null,null,1540621488359
-0.494570255279541,0.3796977996826172,1.6295661926269531,-2.4013843536376953,3.2609026432037354,10.807426452636719,19.939024611917844,9.57317094257507,-72.68292529793543,12.8617796,77.6616889,null,22.59600067138672,null,null,null,1540621488358
0.5987293720245361,-1.1032536029815674,1.5879840850830078,-0.27054479718208313,1.4963760375976562,11.003750801086426,15.000000417413029,-13.414634110103966,-72.37804614395357,12.8618064,77.6616881,null,23.59000015258789,null,null,null,1540621487243
-0.23785889148712158,-0.07966375350952148,1.0028924942016602,-1.0654197931289673,2.406172752380371,10.453084945678711,-7.682927188831441,42.92683051837053,48.41463479947648,12.8617832,77.6616875,null,23.430999755859375,null,null,null,1540621534973
-0.1512157917022705,-0.966050386428833,0.9080104827880859,-0.7015010714530945,1.173158884048462,10.462661743164062,15.426829183930879,17.499999917799435,30.609755727695187,12.8617831,77.6616874,null,23.465999603271484,null,null,null,1540621544994
-0.11547994613647461,-0.2602037191390991,1.0244731903076172,0.5339069962501526,1.338358759880066,10.678139686584473,3.719512274332436,0.7317073335303292,-10.42682932938442,12.8617954,77.6616875,null,23.700000762939453,null,null,null,1540621574291
-0.4460747241973877,-0.6094865798950195,0.7039222717285156,3.177105665206909,1.6903064250946045,9.521739959716797,-64.20731623610993,-23.902438245756382,-43.04878013090652,12.8617954,77.6616875,null,23.700000762939453,null,null,null,1540621573987
1.2330880165100098,-2.3327231407165527,-0.9008910655975342,-5.43723201751709,4.2544965744018555,1.9776105880737305,10.365853669342776,1.0975610269759202,20.731707338685553,12.8618244,77.6616876,null,24.176000595092773,null,null,null,1540621605532
2.228778839111328,-0.14209827780723572,5.365883827209473,-1.1635819673538208,0.38546648621559143,14.551958084106445,29.329269428141632,-190.12194920794337,-36.95122095693143,12.8618242,77.6616886,null,24.334999084472656,null,null,null,1540621611096
8.66341781616211,-4.932967185974121,1.1826879978179932,7.8745293617248535,4.1611223220825195,-2.4013843536376953,2.682926907398158,57.31707604291442,50.06097676682719,12.8618662,77.661762,null,36.900001525878906,null,null,null,1540621611096
-1.425736665725708,-1.6741470098495483,0.44603443145751953,-2.279279947280884,1.5849615335464478,9.655815124511719,4.512195001100143,-16.15853710443059,-24.329268719821528,12.8617821,77.6618152,null,24.43199920654297,null,null,null,1540621611096
0.637908935546875,-0.37580013275146484,-0.7770633697509766,2.9712042808532715,4.833893299102783,7.196970462799072,-17.560976431614723,-18.53658528473371,4.817073301308356,12.86109548,77.66200308,839,17,null,203.89999389648438,6.483733654022217,1540621697000
-0.46901261806488037,0.36876440048217773,0.7920751571655273,-0.5817909836769104,6.821080684661865,8.176198959350586,-11.280487716193768,-10.243902349259491,-9.329268302408499,12.86072349,77.66174117,792,8,null,210.6999969482422,7.7600579261779785,1540621703000
-0.25890108942985535,-0.29898834228515625,2.0810585021972656,-0.7182605266571045,4.474762916564941,10.63504409790039,-16.097560590615302,-2.2560975005500716,5.914634328284277,12.86039499,77.66164583,806,7,null,194.60000610351562,6.752962589263916,1540621709000
-0.2433079481124878,1.4582386016845703,0.3405904769897461,-0.14844051003456116,5.614402770996094,9.222464561462402,11.097560736068841,-38.65853602300284,-5.426829474837959,12.86018335,77.66149949,803,8,null,205.60000610351562,3.8408331871032715,1540621713995
0.33925771713256836,0.7405719757080078,0.7671542167663574,0.6751648783683777,6.521805286407471,8.681375503540039,-8.658536895724076,-7.256097568539944,-11.280487716193768,12.86014029,77.66145368,803,8,null,226.6999969482422,2.6911892890930176,1540621716969
4.331148624420166,-0.4730710983276367,-6.1534271240234375,5.698200225830078,8.389283180236816,-2.183511972427368,83.9634130141292,5.731707348159349,23.78048863322039,12.86016214,77.66142866,816,9,null,287.8999938964844,1.0711677074432373,1540621719972
0.5177159309387207,-0.42938756942749023,-0.5495486259460449,0.8523358106613159,6.01423454284668,6.835445880889893,-2.2560975005500716,-50.06097676682719,4.939024194504818,12.86021201,77.66133863,822,9,null,315.5,3.1700000762939453,1540621724000
2.026340961456299,-1.0376255512237549,-3.063176393508911,9.162610054016113,3.268085241317749,2.1045033931732178,-7.560975868748156,16.40243974459716,-2.49999992727323,12.86041402,77.66100763,826,9,null,305.3999938964844,6.510376453399658,1540621730000
0.9990323781967163,-1.733292579650879,0.2349233627319336,2.671929121017456,4.352658748626709,7.740454196929932,-12.560975723294616,44.20731681792408,-13.597561090228895,12.86093026,77.66059047,824,10,null,329.29998779296875,9.540046691894531,1540621737000
0.28639182448387146,0.060819149017333984,0.8403406143188477,0.004788403399288654,4.8602294921875,9.387664794921875,15.060975223681025,4.817073301308356,6.6463413950103405,12.86117164,77.66043975,829,9,null,321.79998779296875,6.503076076507568,1540621740986
-0.8342751264572144,-2.10963773727417,-3.501603364944458,-1.2090718746185303,4.534617900848389,3.7014358043670654,15.060975223681025,-14.146341176830031,-2.1951220539518403,12.86139185,77.66026408,828,9,null,319.70001220703125,7.480026721954346,1540621745000
0.629884660243988,0.8315801620483398,0.08501243591308594,0.7134721279144287,7.908048152923584,6.873753070831299,16.524391064680447,5.060975514588103,-7.926828975224366,12.86171313,77.66010314,834,8,null,347.29998779296875,5.371824741363525,1540621751000
-0.1587069034576416,-0.7365303039550781,-1.2943708896636963,3.620033025741577,8.042123794555664,0.9026140570640564,11.402439036277054,-4.146341467737111,1.0365853669342777,12.8620474,77.65978812,831,6,null,315.6000061035156,9.640047073364258,1540621757000
0.515233039855957,-0.9021182060241699,1.465968132019043,0.06703764945268631,5.626373767852783,8.769960403442383,-20.487804698518982,-14.207316836871675,8.597561235682434,12.86238409,77.65947182,834,6,null,322.3999938964844,9.990500450134277,1540621761981
-0.06415466964244843,0.29844045639038086,0.7989044189453125,0.12928688526153564,5.963956356048584,8.801085472106934,-7.073170588415016,7.012194928373373,-15.426829183930879,12.86260021,77.65929127,836,7,null,321.6000061035156,10.520000457763672,1540621764960
-0.822611927986145,0.025578022003173828,0.6868991851806641,-0.8954314589500427,5.461174011230469,8.848969459533691,-9.146341322283572,-3.963414487612183,6.280487861647308,12.86278195,77.65914296,831,9,null,323.6000061035156,10.54007625579834,1540621767975
-0.5739011764526367,0.14333343505859375,-0.8927116394042969,-0.44532153010368347,6.248866558074951,6.780379295349121,14.756097777246458,-8.170731615390936,-18.53658528473371,12.86307505,77.65895645,832,9,null,324.5,11.21036148071289,1540621771000
-0.4908437728881836,-0.3142275810241699,2.667996406555176,-0.33758243918418884,5.157110691070557,10.805032730102539,-49.87804722538132,12.560975723294616,5.1219511746297455,12.86343652,77.65861543,830,10,null,321.70001220703125,11.590155601501465,1540621775000
1.1143684387207031,0.301694393157959,2.5324859619140625,2.1356279850006104,6.088454723358154,10.383652687072754,-65.42682602184819,-17.743902557966006,12.560975723294616,12.86398469,77.65829511,842,12,null,325.70001220703125,11.470108985900879,1540621781000
-0.3950642943382263,-1.526479721069336,-1.5777225494384766,0.47884035110473633,4.520252704620361,6.09324312210083,20.670732532417556,5.853658668242634,12.804878363461187,12.86450226,77.65785123,846,12,null,320.70001220703125,11.05045223236084,1540621787000
1.7093425989151,0.6334633827209473,0.4206428527832031,2.7700912952423096,5.949591159820557,8.592789649963379,16.89024331738301,20.60975601860227,-16.097560590615302,12.86489186,77.65748396,841,11,null,324,10.73022747039795,1540621793000
0.31881600618362427,-0.6151318550109863,0.2036280632019043,1.1204863786697388,5.604825973510742,7.7428483963012695,6.585365734968699,4.99999985454646,-6.890244035176911,12.86537173,77.65715252,847,8,null,321,10.18049144744873,1540621799000
0.1959661841392517,-0.32935571670532227,1.3156218528747559,1.1348515748977661,5.9304375648498535,8.80587387084961,-16.036585784347306,2.2560975005500716,13.536585430187252,12.86576244,77.65684742,850,9,null,321.70001220703125,10.07111644744873,1540621803971
-1.1709332466125488,0.6674208641052246,0.8100748062133789,-0.5650315880775452,8.185775756835938,7.0772600173950195,-17.987805198132577,22.012195345786402,-19.878048098102557,12.86605387,77.65671331,860,9,null,325.1000061035156,8.42021369934082,1540621808000
2.812779426574707,-7.152646541595459,-18.559125900268555,2.7126305103302,0.06703764945268631,-11.923124313354492,177.25609945330876,-10.243902349259491,28.41463367374335,12.86632544,77.65649391,863,9,null,320.79998779296875,6.8426384925842285,1540621813000
-0.6077086925506592,-0.1959857940673828,-0.006511688232421875,0.05267243832349777,6.543353080749512,7.086836814880371,12.926829683544472,3.8414635944157207,7.865853315182723,12.86647166,77.65636941,863,9,null,322.8999938964844,7.450107097625732,1540621815976
0.19167035818099976,0.6124758720397949,-0.47565174102783203,0.6727706789970398,6.9910688400268555,6.957550048828125,10.792683289634274,-1.8292683071453966,0.9146341535726983,12.86669209,77.65611552,861,12,null,312.79998779296875,7.821847915649414,1540621820000
-1.8560500144958496,-0.6975021362304688,0.6294670104980469,-1.9560627937316895,5.310339450836182,8.379706382751465,16.341463230781873,-15.792683144180735,-25.67073153319037,12.86695732,77.65589115,863,10,null,311.6000061035156,7.530106067657471,1540621826000
-1.0067986249923706,1.4069404602050781,-0.5856246948242188,-0.4357447028160095,7.383718013763428,7.168240070343018,6.707317055051983,16.036585784347306,-7.926828975224366,12.86730949,77.655696,862,11,null,321.5,8.890563011169434,1540621832000
-0.09332144260406494,-0.12664794921875,2.060683250427246,-0.47405192255973816,5.652710437774658,9.974244117736816,-11.402439036277054,-23.109755518988674,2.0121950738269128,12.86785304,77.65519646,860,11,null,320.6000061035156,11.302764892578125,1540621839000
-0.34100133180618286,0.292081356048584,0.31059932708740234,-0.5961562395095825,6.282385349273682,8.070854187011719,0.6707317268495395,-10.42682932938442,-12.256097423086404,12.86821805,77.65493802,865,6,null,325.1000061035156,10.214705467224121,1540621844000
-0.5978564023971558,0.760653018951416,0.9368762969970703,-0.7422025203704834,6.466738700866699,8.911218643188477,-7.621951528789799,-18.53658528473371,-1.5853658804222377,12.86860242,77.65467026,865,9,null,324.29998779296875,9.890409469604492,1540621848997
0.44654199481010437,0.7692446708679199,-0.9769577980041504,0.06464344263076782,7.139509677886963,6.469132900238037,4.756097641266713,0.975609706892635,-9.268292642366855,12.86891623,77.65443804,867,14,null,325.20001220703125,10.090495109558105,1540621853000
2.435072660446167,-0.6083288192749023,0.8337469100952148,2.782062292098999,4.752490520477295,9.038111686706543,3.109756100802833,63.17073257672294,44.20731681792408,12.86899656,77.6542744,863,8,null,321.1000061035156,4.7500104904174805,1540621857959
0.40894246101379395,0.30925750732421875,1.891031265258789,0.13168109953403473,5.602431774139404,10.141838073730469,-14.146341176830031,11.463414696318697,2.8048780140380316,12.86911245,77.65423077,858,7,null,331.5,4.45224666595459,1540621862000
-0.7156274318695068,0.19232702255249023,0.6159772872924805,-1.1803414821624756,6.6846113204956055,7.951143741607666,8.231707275432578,-18.53658528473371,-4.573170661141786,12.86930747,77.65409214,859,9,null,324,5.650079727172852,1540621866974
0.2653402090072632,0.12220907211303711,0.24752426147460938,-1.1348515748977661,5.774814605712891,8.13789176940918,-2.6219512473565154,26.2804881336068,12.073170442961477,12.86944727,77.65397678,862,6,null,316.29998779296875,5.991009712219238,1540621869972
-0.29246386885643005,-0.04085254669189453,1.318333625793457,0.21787235140800476,6.311115741729736,8.772355079650879,-11.951219122878191,1.7073170937838171,8.231707275432578,12.86957107,77.65387382,862,9,null,320.1000061035156,5.619999885559082,1540621873152
2.8673739433288574,-0.11766624450683594,2.127697467803955,0.9792284965515137,6.514622688293457,9.100360870361328,395.5487677419979,354.3902390487978,18.048780004400573,12.86966714,77.65366488,847,11,null,320.29998779296875,3.6516571044921875,1540621878000
0.0511932373046875,0.18337249755859375,-0.1904888153076172,-4.73573112487793,7.553706169128418,-4.541800498962402,29.939024321010766,6.768292715093626,33.23170825571217,12.8697716,77.65366494,848,9,null,58.599998474121094,1.0800000429153442,1540621884000
-0.07950271666049957,-0.08563613891601562,1.1029176712036133,-0.011971008032560349,4.668693542480469,9.679757118225098,-16.280488424513877,-13.292682790020681,12.256097423086404,12.86976033,77.65371349,832,7,null,73,1.599312424659729,1540622005123
-0.8949549198150635,1.1246166229248047,-5.962305068969727,-4.153939723968506,9.442731857299805,-1.9177556037902832,17.804877364234002,27.012194346559216,10.42682932938442,12.86976144,77.65355037,861,8,null,213,3.1016123294830322,1540622010118
-0.3674422800540924,0.7036037445068359,0.1908416748046875,-0.4381389021873474,6.327875137329102,8.224082946777344,0.6097561201687498,2.439024480674999,2.3780488206333565,12.8698199,77.65365151,900,13,null,191.10000610351562,0.5096076726913452,1540622037118
0.2551719844341278,-0.038786888122558594,0.6697769165039062,-0.05027823522686958,5.384559631347656,8.834604263305664,-3.1707317608444754,-3.231707420886118,-1.7073170937838171,12.86978014,77.6535925,857,20,null,254.60000610351562,0.6586349606513977,1540622042132
0.11034557223320007,0.250732421875,0.29541683197021484,-0.3064578175544739,5.372588634490967,8.647856712341309,-0.8536585468919086,0.6707317268495395,-0.7317073335303292,12.86977785,77.65364003,870,9,null,null,0.03999999910593033,1540622048115
-0.18584513664245605,0.2874884605407715,0.09685230255126953,-1.2617442607879639,7.630321025848389,6.507440090179443,2.8658536740796743,-0.3658536667651646,-1.5853658804222377,12.86982573,77.6536579,859,19,null,3.799999952316284,1.9259543418884277,1540622055127
0.43961548805236816,-0.2849607467651367,0.30803632736206055,-2.22660756111145,9.150638580322266,0.13168109953403473,-7.317073228581586,-1.4024390070190158,1.768292647103754,12.86980464,77.65359132,826,27,null,208.6999969482422,0.894706666469574,1540622060128
-0.047548770904541016,0.01630687713623047,0.43291807174682617,-3.955221176147461,9.009381294250488,0.5913678407669067,0.6097561201687498,-8.902438682117001,7.743902848873084,12.86962729,77.65361034,813,15,null,173.6999969482422,1.8930662870407104,1540622066133
-1.8917546272277832,1.051842212677002,-1.2549467086791992,-3.8738183975219727,7.491456985473633,5.870582580566406,-2.8658536740796743,-6.463414841772236,2.0121950738269128,12.86981352,77.65361969,889,38,null,265.5,0.6453680992126465,1540622076125
-1.6405963897705078,-0.40975189208984375,-1.947398066520691,-8.686163902282715,5.451597213745117,1.5418659448623657,24.81707400015467,-16.524391064680447,-22.256097985952973,12.86980542,77.65362665,813,37,null,286.3999938964844,1.7837039232254028,1540622092130
-0.4729464054107666,0.1980118751525879,-0.17563772201538086,-2.7030537128448486,8.087613105773926,5.2049946784973145,-1.2804877936574364,-3.3536585275259916,-2.987804780719548,12.86977735,77.65401762,858,22,null,null,0,1540622106000
-0.004634976387023926,0.35918617248535156,0.29929685592651367,-1.2473790645599365,8.135497093200684,6.143521785736084,-3.109756100802833,-0.5487805134879601,-0.06097560668078969,12.86979104,77.65386776,851,14,null,null,0,1540622111000
0.07699263095855713,0.2269911766052246,0.28734731674194336,-0.9888052940368652,8.08282470703125,6.0597243309021,-3.0487804407611905,-0.3048780600843749,0.12195121336157938,12.86978252,77.65379046,842,11,null,null,0,1540622116000
-0.20056387782096863,0.39719295501708984,0.04550313949584961,-0.47165772318840027,7.474697589874268,6.828263282775879,-0.4878048534463175,0.6097561201687498,-3.719512274332436,12.86978165,77.65375984,843,14,null,null,0,1540622122000
-1.3085907697677612,0.3717012405395508,-0.3152012825012207,-1.9967641830444336,7.797914981842041,6.052541732788086,22.560975432387536,21.829267511887828,-18.841462731168278,12.86978801,77.65376601,841,11,null,null,0,1540622128000
0.8720660209655762,0.5528178215026855,-1.985482931137085,-0.363918662071228,8.468291282653809,3.670311212539673,-14.695121263431169,13.597561090228895,23.414634672970536,12.86977984,77.65374313,840,9,null,null,0,1540622132864
-1.490332007408142,-0.6588201522827148,-0.8367042541503906,-1.6519991159439087,7.390900611877441,4.7620673179626465,8.231707275432578,9.878048389009637,-14.390243816996602,12.86977958,77.65371445,839,11,null,null,0,1540622137000
0.2428593635559082,-0.15199947357177734,0.8379888534545898,-2.5977089405059814,7.872135162353516,5.70777702331543,-6.341463521688951,1.768292647103754,0.5487805134879601,12.86988508,77.65343533,838,15,null,299.8999938964844,2.790071725845337,1540622143000
1.0950731039047241,-1.61854887008667,2.489189624786377,-1.3503297567367554,6.5696892738342285,7.299921035766602,-23.23170683907196,-4.085365807695468,9.329268302408499,12.86994603,77.65348854,834,26,null,326.29998779296875,7.950006008148193,1540622150000
0.6600127220153809,-1.2519755363464355,-0.6491208076477051,-2.3127987384796143,7.103596210479736,3.536235809326172,1.768292647103754,-15.731706630365446,14.878049097329743,12.87069547,77.65269596,830,30,null,319.8999938964844,12.250146865844727,1540622157000
0.5660799145698547,0.6839032173156738,-0.6564702987670898,1.2425906658172607,7.156269073486328,6.67982292175293,21.158536105203407,4.634146321183428,15.304877863847594,12.87123687,77.65220945,836,17,null,322.3999938964844,12.330328941345215,1540622162000
0.3659452199935913,0.6602134704589844,-0.1943988800048828,1.01753568649292,6.737283706665039,7.474697589874268,0.5487805134879601,4.451219341058501,14.573169943347883,12.87181932,77.65178013,837,15,null,327.1000061035156,13.29001522064209,1540622168000
-0.8639979362487793,0.0021724700927734375,-3.8715999126434326,-8.480262756347656,4.908113479614258,-0.1173158809542656,12.012194782919833,33.109755228081596,14.329269010728606,12.8700158,77.6527491,null,77.97100067138672,null,null,null,1540622135239
-0.16802501678466797,-0.2448267936706543,-0.5127401351928711,-8.865729331970215,3.2824504375457764,2.3295583724975586,-3.3536585275259916,0.8536585468919086,-7.743902848873084,12.8700701,77.6527309,null,74.79299926757812,null,null,null,1540622167950
-1.4841684103012085,1.1810688972473145,-2.2959237098693848,-1.6615760326385498,8.094796180725098,4.656722068786621,-20.182927252084415,-17.43902511153144,6.8292683751352685,12.87464856,77.64931512,826,26,null,312.79998779296875,11.221782684326172,1540622201000
0.7283284068107605,-0.1919703483581543,0.5941610336303711,1.1468225717544556,5.228936672210693,8.755595207214355,62.6219541976691,-33.96341617621189,5.1219511746297455,12.87513448,77.64890891,806,23,null,321.6000061035156,10.82037353515625,1540622208000
-1.0644747018814087,-0.6226696968078613,1.017232894897461,-1.4221558570861816,4.946420669555664,9.081207275390625,16.40243974459716,21.341463939101978,-4.146341467737111,12.87568074,77.64849193,801,18,null,322.6000061035156,13.93017578125,1540622213000
2.0818052291870117,-1.3053841590881348,0.16572141647338867,1.5322890281677246,4.3622355461120605,8.149862289428711,-7.743902848873084,5.060975514588103,-14.93902390359774,12.87618497,77.64798148,806,21,null,316.70001220703125,12.260102272033691,1540622219000
0.42046940326690674,0.311795711517334,-0.10822248458862305,-1.1420341730117798,6.375759124755859,7.438784599304199,2.49999992727323,5.670731688117706,-6.8292683751352685,12.87675886,77.64750159,822,25,null,322.3999938964844,11.941071510314941,1540622225000
1.708196997642517,-2.537325382232666,2.9002532958984375,1.4676456451416016,4.481945514678955,9.744400978088379,-13.170731469937397,-14.878049097329743,3.8414635944157207,12.87738516,77.64695317,824,33,null,318.20001220703125,13.3100004196167,1540622232000
0.6098721027374268,0.11314105987548828,0.18076467514038086,-2.5474305152893066,7.357381820678711,5.987898349761963,19.878048098102557,12.86585402350283,-10.853658949675918,12.87790794,77.64671427,839,16,null,326.8999938964844,12.730062484741211,1540622237000
-0.5419363975524902,0.06194448471069336,0.45601320266723633,-5.178658485412598,7.592013359069824,4.6950297355651855,-9.57317094257507,-7.621951528789799,-3.109756100802833,12.87839785,77.64636877,839,14,null,327,13.460033416748047,1540622242000
-0.440345823764801,-1.220970630645752,3.5284552574157715,-0.730231523513794,4.742913722991943,11.307814598083496,4.512195001100143,46.46341367814392,17.743902557966006,12.87914341,77.64591269,840,17,null,329,12.850015640258789,1540622249000
-0.28128349781036377,-0.22152233123779297,0.8607692718505859,-1.6280571222305298,6.476315498352051,7.8960771560668945,5.731707348159349,-2.0121950738269128,-0.3658536667651646,12.87993704,77.64536584,835,31,null,326.70001220703125,14.740030288696289,1540622256000
-1.0238218307495117,0.23198699951171875,1.4778451919555664,-1.4317326545715332,6.114790916442871,9.313444137573242,-25.853659367088945,2.5609755873148727,-4.512195001100143,12.88051502,77.64503104,832,25,null,329.20001220703125,14.690003395080566,1540622261000
0.18150687217712402,0.22809839248657227,1.3806228637695312,-2.516305923461914,6.919242858886719,8.022970199584961,10.975609415985556,-9.268292642366855,-4.2073171277787536,12.88106135,77.64476179,831,21,null,337.1000061035156,11.220539093017578,1540622267000
-0.7511242628097534,0.5867838859558105,0.7411789894104004,-2.535459518432617,7.307103633880615,7.6566572189331055,3.658536614290793,-6.524390074927056,2.0121950738269128,12.88167559,77.64431679,829,19,null,325.70001220703125,12.840035438537598,1540622273000
-0.7230170965194702,1.222585678100586,-1.1801986694335938,-1.7405846118927002,6.53377628326416,7.000645637512207,2.0731707338685554,24.878048806422665,-7.987804635266008,12.88219586,77.64405586,847,16,null,332.20001220703125,12.8497314453125,1540622278000
-0.2993813753128052,0.10923194885253906,-1.5501952171325684,-0.9289502501487732,4.733336925506592,7.074865818023682,24.45122003990481,-21.829267511887828,7.195121908498301,12.88287923,77.64361028,847,18,null,331.70001220703125,12.560099601745605,1540622285000
0.05746173858642578,0.755030632019043,1.2824087142944336,-2.387019157409668,6.1052141189575195,9.129091262817383,-8.536585575640792,20.3658533784357,3.475609847609277,12.88351174,77.64315477,850,14,null,327.70001220703125,12.680015563964844,1540622291000
0.7565410137176514,0.281919002532959,-1.0303630828857422,-0.7398083209991455,6.090848922729492,6.7277069091796875,37.37804972344929,-10.914633755943914,25.73170804700566,12.88383157,77.64283176,849,13,null,311,9.650129318237305,1540622296000
-0.610381007194519,0.0364842414855957,1.5644426345825195,-1.7597382068634033,5.492298603057861,9.63187313079834,-5.975609561439096,5.243902494713031,-4.329268447862038,12.88454197,77.64252168,842,14,null,327.20001220703125,10.560019493103027,1540622303000
0.9799841642379761,0.7445998191833496,-0.16659259796142578,-1.3718775510787964,7.295132637023926,6.742072105407715,19.14634188515014,-15.426829183930879,-10.487804989426062,12.88486803,77.64239489,841,22,null,339.8999938964844,9.290020942687988,1540622309000
-1.0943093299865723,-0.8169946670532227,-0.23105335235595703,-5.616796970367432,7.5632829666137695,2.1116859912872314,7.560975868748156,-35.24390247576544,-6.6463413950103405,12.8842038,77.6438382,null,95.14600372314453,null,null,null,1540622276308
0.30652618408203125,1.3377676010131836,0.7013136148452759,-3.936067581176758,10.043676376342773,2.2433669567108154,4.573170661141786,-15.304877863847594,-2.682926907398158,12.884554,77.6434836,null,63.439998626708984,null,null,null,1540622312430
-1.6509780883789062,0.509002685546875,1.0029315948486328,2.3535003662109375,3.5266590118408203,9.430760383605957,-1.768292647103754,16.341463230781873,4.939024194504818,12.8849682,77.6429208,null,23.8799991607666,null,null,null,1540622321368
-2.9005658626556396,0.6891965866088867,-2.241853952407837,-2.5689783096313477,8.434772491455078,3.7636849880218506,1.768292647103754,14.329269010728606,-0.6097561201687498,12.8851235,77.6428132,null,36.900001525878906,null,null,null,1540622330459
-0.3191361427307129,0.2010359764099121,0.1347661018371582,-3.114856481552124,7.86734676361084,5.57370138168335,-0.7317073335303292,-3.780487934374078,3.780487934374078,12.88511681,77.64232191,841,32,null,326.8999938964844,3.980803966522217,1540622362000
0.3461618423461914,-0.15411710739135742,1.3128657341003418,-1.7381904125213623,7.718906402587891,6.775590896606445,17.560976431614723,-10.792683289634274,-0.975609706892635,12.88527618,77.64208689,810,15,null,314.8999938964844,4.470547676086426,1540622369000
0.33666276931762695,-0.8743619918823242,-0.3295559883117676,-2.477998733520508,6.44279670715332,5.56173038482666,2.0731707338685554,18.170731324483857,-10.304878009301135,12.88545063,77.64206269,816,15,null,7.699999809265137,1.8046883344650269,1540622375000
-2.3018064498901367,1.1158647537231445,-1.4824588298797607,-4.668693542480469,9.404424667358398,3.1938650608062744,-3.231707420886118,-4.756097641266713,18.90243924498357,12.8855573,77.64201794,815,15,null,335.79998779296875,2.7602899074554443,1540622380000
0.3328211307525635,-0.17855262756347656,-0.4518446922302246,-3.0885202884674072,7.220912456512451,4.999093055725098,-2.439024480674999,11.463414696318697,9.268292642366855,12.88572888,77.64184153,820,11,null,325.29998779296875,2.710461139678955,1540622387000
0.7105574607849121,0.06683158874511719,0.7394142150878906,-3.4165258407592773,8.085219383239746,4.592078685760498,-15.365854377662883,55.0609757676,25.00000012650595,12.88579091,77.64173266,828,11,null,313,2.1766488552093506,1540622392000
-0.07692337036132812,0.4490509033203125,0.7075955867767334,-3.2848446369171143,9.387664794921875,3.1531636714935303,6.158536541564024,8.780488215807361,-34.20731540128387,12.88594778,77.64170527,827,11,null,334.8999938964844,2.9552664756774902,1540622398000
1.1445672512054443,-0.789698600769043,-1.0799626111984253,-3.1938650608062744,7.714118003845215,1.1635819673538208,19.14634188515014,36.463415676598295,-1.95121941378527,12.8861654,77.64160253,829,12,null,340.8999938964844,4.1201090812683105,1540622405000
0.2174701690673828,-0.8233094215393066,-2.303191661834717,-4.110844135284424,7.407660007476807,0.8092401623725891,22.256097985952973,-6.4024391817305935,14.756097777246458,12.88625374,77.64152763,830,13,null,323.3999938964844,1.7300288677215576,1540622410000
-0.8407015800476074,0.1505289077758789,-1.7897365093231201,-3.8091750144958496,8.389283180236816,2.6240451335906982,15.60975531028216,16.463414550865156,-6.707317055051983,12.88625726,77.64143321,828,11,null,263.70001220703125,1.7601135969161987,1540622416000
-0.493152379989624,-0.1531982421875,-0.27736496925354004,-3.4093432426452637,8.276755332946777,3.797203779220581,-5.060975514588103,3.8414635944157207,2.439024480674999,12.88630598,77.64155227,843,13,null,null,0,1540622423000
-0.0714254379272461,0.12331295013427734,0.3720741271972656,-3.665522813796997,8.300697326660156,4.41969633102417,-7.378048888623229,6.036585221480738,6.097560881522381,12.88629721,77.64155176,841,14,null,null,0,1540622428000
-0.1696624755859375,0.03722858428955078,0.18813371658325195,-2.9065608978271484,8.303091049194336,4.699818134307861,-4.390244107903681,0.3048780600843749,-0.8536585468919086,12.88629721,77.64155096,839,15,null,null,0,1540622434000
-0.25599098205566406,0.16553974151611328,0.1646122932434082,-3.0621838569641113,8.310274124145508,4.850652694702148,-1.341463453699079,0.5487805134879601,1.0975610269759202,12.88629608,77.64155147,839,16,null,null,0,1540622440000
-0.024408340454101562,0.12357234954833984,0.07767820358276367,-2.75812029838562,8.35336971282959,4.656722068786621,-2.1951220539518403,1.890243967187039,0.4878048534463175,12.8862912,77.64154421,839,11,null,null,0,1540622446000
0.6868412494659424,-0.0961151123046875,1.4318809509277344,-2.4229321479797363,8.216899871826172,5.602431774139404,-0.9146341535726983,-17.62195123788272,5.243902494713031,12.88629138,77.6415285,838,10,null,null,0,1540622452000
-0.25516486167907715,-2.0452351570129395,1.8546814918518066,-2.3774423599243164,6.607996463775635,5.9519853591918945,-11.402439036277054,-7.378048888623229,-0.8536585468919086,12.88630082,77.64153649,841,11,null,null,0,1540622458000
-0.4193997383117676,-0.4735851287841797,0.2517125606536865,-3.4739866256713867,8.123526573181152,3.847482204437256,8.536585575640792,-20.487804698518982,25.548780213107086,12.88631633,77.64154254,839,13,null,null,0,1540622464000
-2.699188232421875,-0.2464308738708496,-1.9985628128051758,-4.857835292816162,7.999027729034424,2.851494312286377,57.56097526798641,41.524391191186396,-29.573172068308203,12.88632252,77.64153265,838,13,null,null,0,1540622470000
-0.39337968826293945,0.3779611587524414,-0.6073322296142578,-3.509899616241455,7.924807548522949,4.824316501617432,-1.4024390070190158,18.719511411084994,25.792682853273657,12.88632952,77.64152646,838,17,null,null,0,1540622477000
-0.9424417018890381,0.6318988800048828,-1.1061301231384277,-2.315192937850952,7.90086555480957,5.331887245178223,-3.536585294207508,12.317073083128047,4.390244107903681,12.88642558,77.64138833,837,16,null,323.3999938964844,3.572366237640381,1540622483000
-1.2781691551208496,0.19356536865234375,-1.417358636856079,-3.0765492916107178,8.358158111572266,3.708618402481079,13.353658450062325,11.219512056152126,-31.03658449421304,12.88676725,77.64132622,823,13,null,347.6000061035156,2.690018653869629,1540622488000
-1.5220131874084473,-0.32640933990478516,-1.3352634906768799,-4.999093055725098,8.133103370666504,2.2026655673980713,-26.95121954029122,-15.121951737496312,-2.5609755873148727,12.88689632,77.64123496,832,9,null,329,2.137592315673828,1540622494000
-3.6260714530944824,0.2769899368286133,-1.68377685546875,-6.722918510437012,8.31985092163086,2.9951462745666504,10.18292668921785,-4.99999985454646,-26.768293413939936,12.88699808,77.64113972,829,9,null,306.5,2.1800918579101562,1540622498861
-0.1031191349029541,-1.3279428482055664,0.6394271850585938,-3.24414324760437,6.6630635261535645,5.377377033233643,9.695122262658355,27.19512218045779,-31.82926892852804,12.88703434,77.64109354,824,9,null,314.79998779296875,1.8799999952316284,1540622501828
-1.9502148628234863,2.7423601150512695,-0.05474710464477539,-4.455609321594238,10.927136421203613,4.730942726135254,-38.1707307426697,-37.256096695818705,57.073169987653266,12.887136,77.64104134,821,8,null,322.20001220703125,2.3907532691955566,1540622506000
0.010831594467163086,-1.0069265365600586,1.1733636856079102,-2.8562827110290527,6.246472358703613,7.117961883544922,-7.195121908498301,-2.3780488206333565,26.402439453690082,12.88719911,77.64091792,820,16,null,358.8999938964844,1.1115754842758179,1540622513000
1.297934651374817,-0.11565208435058594,0.19307947158813477,-1.3239935636520386,7.603984832763672,5.643133640289307,-1.0365853669342777,1.8292683071453966,12.378048743169689,12.8872538,77.64097457,823,14,null,310.29998779296875,0.2884441018104553,1540622519000
0.03934335708618164,-0.660886287689209,-0.6303195953369141,-3.907337188720703,6.926425457000732,4.168305397033691,2.8048780140380316,41.34146506483511,14.756097777246458,12.88734443,77.64094299,826,14,null,13,0.6818357706069946,1540622525000
0.6806817054748535,0.554140567779541,-0.2661595344543457,-2.559401512145996,7.934384346008301,5.319916248321533,-1.5853658804222377,10.731707629592632,1.5853658804222377,12.88753644,77.64099681,818,13,null,3.9000000953674316,2.036663770675659,1540622531000
0.19055581092834473,0.04681062698364258,-0.05168914794921875,-2.477998733520508,7.55131196975708,5.669469833374023,-3.109756100802833,-1.4024390070190158,1.341463453699079,12.88744056,77.64108797,808,17,null,105.80000305175781,1.1211154460906982,1540622537000
-0.32064056396484375,0.05225801467895508,-0.2964029312133789,-2.75812029838562,7.41484260559082,5.705382823944092,1.5853658804222377,-0.5487805134879601,-1.341463453699079,12.88743836,77.64110194,798,28,null,null,0.10999999940395355,1540622545000
-0.41411471366882324,0.41692018508911133,0.6917414665222168,-3.2321722507476807,7.503427982330322,6.856993675231934,-0.8536585468919086,-0.7926829402111188,1.8292683071453966,12.88735053,77.64108423,794,23,null,null,0,1540622553000
-0.2483987808227539,0.5752449035644531,0.6014938354492188,-2.9927520751953125,7.572859764099121,6.900089263916016,-2.0121950738269128,0.06097560668078969,1.0365853669342777,12.88736688,77.64106608,798,25,null,null,0,1540622558000
-0.4249608516693115,0.28139591217041016,-0.019977569580078125,-3.1076738834381104,7.3885064125061035,6.18182897567749,-2.2560975005500716,-0.4268292734459543,0.6707317268495395,12.88737218,77.64106931,800,20,null,null,0,1540622564000
-0.4456336498260498,0.5465445518493652,0.5266842842102051,-3.1052796840667725,7.673416614532471,6.715735912322998,-2.1951220539518403,0.24390242672315876,-1.0365853669342777,12.8873254,77.64103187,805,16,null,null,0,1540622570000
-0.545568585395813,0.801398754119873,0.7612919807434082,-2.3774423599243164,7.951143741607666,7.218518257141113,-11.585366016401982,0.6707317268495395,7.012194928373373,12.88730892,77.64102493,807,27,null,null,0,1540622577000
0.511827826499939,0.6982192993164062,0.5769848823547363,-1.5682021379470825,7.706935405731201,7.113173484802246,-2.2560975005500716,-3.90243882757054,-4.756097641266713,12.88731101,77.64100893,806,28,null,null,0,1540622583000
-0.2879767417907715,0.593773365020752,0.6939840316772461,-2.1499931812286377,7.5848307609558105,7.314286231994629,-1.95121941378527,0.8536585468919086,-0.06097560668078969,12.88732089,77.64100218,808,45,null,null,0,1540622594000
-0.11965548992156982,0.635749340057373,0.7345981597900391,-1.922544002532959,7.6782050132751465,7.316680431365967,-1.7073170937838171,0.1829268333825823,0.24390242672315876,12.88731353,77.64099928,808,37,null,null,0,1540622602000
0.0784151554107666,-0.9808511734008789,1.8208627700805664,-3.1483752727508545,6.722918510437012,6.959944248199463,4.0243901476538255,-16.524391064680447,17.317073791448152,12.88732412,77.64098424,808,20,null,null,0,1540622611000
-1.1305468082427979,-0.5487327575683594,1.594114065170288,-3.4356794357299805,8.111555099487305,5.5760955810546875,27.9268301009575,-6.585365734968699,-23.170732032803965,12.88734203,77.64096799,810,19,null,315.29998779296875,3.2002499103546143,1540622616000
0.9713374376296997,-0.3048677444458008,1.7160453796386719,-0.7110779285430908,8.044517517089844,6.576871871948242,-74.75609944689857,7.195121908498301,2.743902353996389,12.8872302,77.6409358,null,55.659000396728516,null,null,null,1540622618618
-3.130887031555176,0.7648248672485352,-2.0877232551574707,-4.520252704620361,6.658275127410889,5.626373767852783,-21.58536657926855,-35.73170775609858,27.1341456666425,12.88839908,77.64032477,811,13,null,310.1000061035156,0.3499999940395355,1540622630000
4.03916072845459,1.9742865562438965,0.379361629486084,-1.280897855758667,8.822632789611816,4.9583916664123535,-0.06097560668078969,0.12195121336157938,-3.109756100802833,12.88837178,77.6403074,814,10,null,null,0,1540622636000
1.2043089866638184,0.9598555564880371,0.028054237365722656,-2.2433669567108154,8.159439086914062,5.724536418914795,9.756097922699997,-0.8536585468919086,3.8414635944157207,12.88838265,77.64027669,820,11,null,null,0,1540622641000
-0.03341364860534668,0.1266312599182129,0.009996891021728516,-3.00711727142334,7.793126583099365,5.353435039520264,-2.5609755873148727,0.975609706892635,0.5487805134879601,12.88839105,77.64025607,827,13,null,null,0,1540622648000
0.28658413887023926,-0.2164936065673828,0.4730210304260254,-2.7078421115875244,7.467514991760254,5.779603004455566,-3.4146341875676343,8.353658595515864,-3.780487934374078,12.88838596,77.64025211,827,12,null,null,0,1540622653000
-0.27283191680908203,0.02685546875,0.7839231491088867,-6.2632317543029785,4.809951305389404,6.900089263916016,-3.536585294207508,0,-1.7073170937838171,12.88839117,77.64024887,828,18,null,null,0,1540622660000
0.057973384857177734,0.12555503845214844,-0.5454559326171875,-5.884947776794434,4.8051629066467285,5.69580602645874,-3.231707420886118,1.158536580295857,0,12.88838853,77.64023889,829,13,null,null,0,1540622666000
0.5642757415771484,1.2331156730651855,0.18510770797729492,-5.3582234382629395,6.01423454284668,6.368576526641846,-5.975609561439096,0.3658536667651646,-3.0487804407611905,12.88838585,77.64024863,830,13,null,null,0,1540622671000
-0.15384864807128906,0.035454750061035156,0.22612571716308594,-1.889025092124939,7.5968017578125,6.224924564361572,-8.597561235682434,-2.6219512473565154,-6.097560881522381,12.8883838,77.64026119,828,30,null,null,0,1540622679000
-0.35955917835235596,0.36803579330444336,0.41322851181030273,-2.1595699787139893,7.711723804473877,6.658275127410889,-1.768292647103754,1.341463453699079,0.7926829402111188,12.88838024,77.64026707,829,32,null,null,0,1540622685000
0.04581594467163086,0.2809891700744629,0.48615264892578125,-1.5753847360610962,7.864952564239502,6.48828649520874,-2.2560975005500716,1.5243902203805952,-1.890243967187039,12.88837967,77.64027027,830,35,null,null,0,1540622691000
-0.005732536315917969,0.2443070411682129,0.4857449531555176,-1.6424223184585571,7.778761386871338,6.54574728012085,-1.2804877936574364,0.6097561201687498,1.4024390070190158,12.8883735,77.64027437,827,42,null,null,0,1540622700000
-0.02513575553894043,0.2921881675720215,0.5483717918395996,-1.2641384601593018,7.970297336578369,6.521805286407471,-1.7073170937838171,0.3658536667651646,-2.3780488206333565,12.88837389,77.64027512,828,40,null,null,0,1540622707000
-0.33524417877197266,0.334378719329834,0.31738996505737305,-2.7724854946136475,8.219294548034668,5.614402770996094,-0.7317073335303292,-0.1829268333825823,-1.8292683071453966,12.88837654,77.64026454,832,27,null,null,0,1540622715000
0.22169232368469238,0.8057746887207031,-0.3556663990020752,-3.754108190536499,8.815450668334961,3.670311212539673,-9.39024396245014,23.53658599305382,18.597561798549002,12.88837588,77.64026524,832,29,null,null,0,1540622721000
-0.3583052158355713,0.48493385314941406,1.1268534660339355,-3.6343982219696045,8.707711219787598,5.348646640777588,0.7317073335303292,0.24390242672315876,-0.06097560668078969,12.8885975,77.64024362,830,23,null,330.79998779296875,7.270027160644531,1540622727000
-1.0227577686309814,-0.6268467903137207,-0.48119616508483887,-4.520252704620361,7.503427982330322,3.7421371936798096,11.341463376235412,22.50000062611954,-21.58536657926855,12.88896492,77.63998965,832,14,null,325.8999938964844,8.028531074523926,1540622732000
2.693042039871216,-3.045757293701172,2.960324287414551,1.0055646896362305,4.364629745483398,9.157821655273438,-2.2560975005500716,-6.036585221480738,8.292682935474222,12.88987079,77.63948683,834,39,null,334.6000061035156,13.520000457763672,1540622741000
-0.3490326404571533,-0.05434465408325195,0.502068042755127,-4.3406877517700195,7.644686222076416,5.080495834350586,1.5853658804222377,-12.012194782919833,3.0487804407611905,12.89056075,77.63897299,845,19,null,327.8999938964844,12.471604347229004,1540622747000
0.44927978515625,0.1255817413330078,0.26099443435668945,-2.652775526046753,7.682993412017822,5.686229228973389,-2.1951220539518403,1.341463453699079,8.475609915599149,12.89098557,77.63857429,850,21,null,330.79998779296875,11.740612983703613,1540622753000
0.6440186500549316,-0.1230325698852539,-0.033928871154785156,-2.7054479122161865,7.4100542068481445,5.276820659637451,-4.756097641266713,7.256097568539944,2.987804780719548,12.89162688,77.63821654,850,23,null,328.5,11.59124755859375,1540622759000
-0.24329209327697754,0.8505091667175293,0.26864147186279297,-3.318363666534424,8.549694061279297,5.506663799285889,-3.780487934374078,-10.060975369134564,20.426829892250986,12.8914896,77.6387269,null,81.76200103759766,null,null,null,1540622750437
0.3534259796142578,-0.28566646575927734,0.25163745880126953,-3.1914708614349365,7.261613845825195,5.413290023803711,0.6707317268495395,1.0975610269759202,-9.57317094257507,12.89297568,77.63748774,839,20,null,328.6000061035156,12.820015907287598,1540622774000
-2.6412460803985596,1.8145942687988281,1.644301414489746,-5.96874475479126,8.927978515625,7.51779317855835,-20.3658533784357,0.6097561201687498,25.975608979624937,12.89355393,77.63709583,826,16,null,324.8999938964844,11.160645484924316,1540622780000
0.3839346170425415,0.1541280746459961,-0.0053558349609375,-1.4915876388549805,7.577648162841797,6.121973514556885,-0.8536585468919086,-0.3048780600843749,2.317073160591714,12.89392724,77.63686151,824,23,null,331,4.460000038146973,1540622787000
-0.17270636558532715,0.4037008285522461,0.2819690704345703,-1.9728221893310547,7.378929615020752,6.936002254486084,-9.207316982325214,-3.658536614290793,-0.4268292734459543,12.89399201,77.63676101,825,23,null,309.20001220703125,2.0900955200195312,1540622792000
0.5592923164367676,-1.7773971557617188,1.0273075103759766,-2.164358377456665,6.428431510925293,5.655104637145996,-4.817073301308356,18.35365915838243,60.60975314742666,12.89405163,77.63667003,834,12,null,338.20001220703125,1.474889874458313,1540622798000
-0.7076220512390137,-0.18442487716674805,0.2051224708557129,-4.156333923339844,7.232883453369141,5.614402770996094,1.0365853669342777,-3.90243882757054,-14.817072583514454,12.89409836,77.63662153,831,14,null,312.8999938964844,1.0716809034347534,1540622803000
-0.44763946533203125,0.23394536972045898,-0.3119211196899414,-3.028665065765381,7.960720539093018,5.147533416748047,-9.81707358274164,5.182926834671388,-9.756097922699997,12.89441541,77.63654389,820,20,null,327.5,5.211880683898926,1540622810000
0.27114009857177734,0.1822357177734375,0.7176780700683594,-1.944091796875,8.087613105773926,6.081272125244141,3.4146341875676343,-5.3048781547546735,2.743902353996389,12.89475068,77.63636451,820,16,null,330.79998779296875,8.210298538208008,1540622816000
1.2183643579483032,0.16269683837890625,1.5017457008361816,-1.0821791887283325,7.800309181213379,7.206547260284424,-7.073170588415016,2.134146393910198,11.829268656568553,12.89535682,77.63604987,817,27,null,332.29998779296875,10.6300048828125,1540622823000
-0.30382299423217773,1.6780624389648438,0.6971664428710938,-2.9161376953125,9.220070838928223,6.3949127197265625,10.304878009301135,-17.560976431614723,20.182927252084415,12.89583285,77.6357378,807,23,null,334.6000061035156,9.450190544128418,1540622830000
0.9911611080169678,-1.7947640419006348,0.33759069442749023,-0.8834604024887085,6.121973514556885,5.813121795654297,2.3780488206333565,3.5975609542491505,-22.378049306036257,12.8960264,77.6357496,null,54.402000427246094,null,null,null,1540622801431
-2.2231481075286865,1.705988883972168,0.9314160346984863,-5.322310447692871,9.655815124511719,5.765237808227539,-0.3658536667651646,0.8536585468919086,-7.134146248456658,12.89748419,77.63467102,812,47,null,328,12.320003509521484,1540622849000
3.619722366333008,-2.2193822860717773,3.063068389892578,1.357512354850769,4.932055473327637,9.38048267364502,-4.329268447862038,1.0365853669342777,9.939024049051278,12.8980089,77.63427466,808,23,null,325,12.00003719329834,1540622855000
0.14931249618530273,0.9306049346923828,0.10361289978027344,-3.627215623855591,8.851364135742188,4.481945514678955,-17.13414595754958,-22.98780419890539,5.731707348159349,12.89884675,77.63382862,805,40,null,331.1000061035156,13.199999809265137,1540622863000
-0.22987842559814453,0.20108556747436523,-0.482119083404541,-2.999934673309326,7.778761386871338,5.092466831207275,7.926828975224366,5.670731688117706,-6.036585221480738,12.89962534,77.63323437,784,41,null,328.5,12.511155128479004,1540622872000
0.1340773105621338,-0.18137121200561523,0.4727654457092285,-2.3295583724975586,7.252037048339844,6.375759124755859,-3.231707420886118,18.719511411084994,1.2804877936574364,12.90047777,77.63284717,785,15,null,329.1000061035156,11.910340309143066,1540622880000
-1.0903575420379639,-0.7250800132751465,1.773484706878662,-3.4596214294433594,7.137115478515625,7.134721279144287,-3.2926828674843494,-5.426829474837959,-18.475610478465715,12.90093553,77.63257456,785,19,null,331,11.40010929107666,1540622885000
0.6427450180053711,-0.6201467514038086,0.6985702514648438,-2.978386878967285,7.491456985473633,4.853046894073486,4.756097641266713,-10.548780649467705,-1.95121941378527,12.90149742,77.6322872,774,23,null,333,10.480233192443848,1540622892000
0.6136112213134766,0.2870645523071289,0.27034568786621094,-2.691082715988159,8.360552787780762,4.750096321105957,-4.817073301308356,12.743902703419545,3.231707420886118,12.90226989,77.63171543,773,21,null,327.8999938964844,12.490036010742188,1540622900000
2.369978427886963,-0.9105348587036133,1.677145004272461,0.1388636976480484,7.0126166343688965,7.007828235626221,-36.463415676598295,-14.878049097329743,19.878048098102557,12.90268897,77.63145896,773,21,null,331.29998779296875,10.470000267028809,1540622906000
-0.35048794746398926,0.4447317123413086,0.8529915809631348,-2.5977089405059814,8.571242332458496,5.861005783081055,18.231707838299148,6.951219695218554,-13.414634110103966,12.90272014,77.6314135,773,8,null,315.6000061035156,5.090039253234863,1540622910000
-2.1138129234313965,1.67264986038208,-2.3918614387512207,-3.3686418533325195,8.990227699279785,4.015076160430908,-8.963414342158643,-4.512195001100143,15.365854377662883,12.90398323,77.63085012,774,27,null,341.5,15.300735473632812,1540622919000
-1.3214702606201172,1.6371502876281738,-1.0024046897888184,-3.3662476539611816,8.798690795898438,5.377377033233643,-8.475609915599149,5.182926834671388,-2.682926907398158,12.90419276,77.63067783,779,18,null,330.1000061035156,6.040032863616943,1540622924000
-0.40713953971862793,0.7594866752624512,-1.0210940837860107,-3.9432501792907715,8.571242332458496,3.737348794937134,-6.585365734968699,23.841463439488386,-8.048780295307651,12.90435205,77.63058818,786,15,null,329.8999938964844,4.190000057220459,1540622930000
-0.06133008003234863,-0.13106632232666016,-0.5520224571228027,-3.428496837615967,8.123526573181152,3.533841609954834,17.317073791448152,-3.90243882757054,-9.268292642366855,12.90465486,77.63045677,785,23,null,334.8999938964844,4.350103378295898,1540622936000
-0.25768768787384033,0.0052394866943359375,0.2384495735168457,-2.22660756111145,9.184157371520996,3.07415509223938,-8.841463022075358,18.841462731168278,-18.292682644567144,12.90478303,77.63035596,789,12,null,322,3.559999942779541,1540622941000
-0.9400815963745117,-0.2651519775390625,-0.12900543212890625,-3.624821424484253,7.953537940979004,4.49870491027832,-4.2073171277787536,-7.682927188831441,-1.0975610269759202,12.90484878,77.63022708,795,11,null,287.20001220703125,1.131591796875,1540622947000
-0.4746236801147461,0.32108116149902344,-1.4380912780761719,-5.5114521980285645,7.489062786102295,2.9688100814819336,4.573170661141786,11.280487716193768,8.536585575640792,12.90485634,77.63010007,804,15,null,310.29998779296875,1.6299693584442139,1540622954000
-0.6614937782287598,-0.07872295379638672,-0.27696895599365234,-4.728548526763916,6.9455790519714355,5.2265424728393555,3.5975609542491505,2.3780488206333565,0.975609706892635,12.90494577,77.63003714,807,16,null,338.79998779296875,1.559390902519226,1540622959000
0.17203688621520996,0.4045066833496094,-0.21882009506225586,-3.5673606395721436,8.413225173950195,4.0294413566589355,-7.621951528789799,7.439024548664872,0.6097561201687498,12.90510759,77.62993403,808,14,null,322.79998779296875,2.234502077102661,1540622966000
0.19891691207885742,0.2972221374511719,0.47057294845581055,-4.364629745483398,7.19936466217041,5.7341132164001465,-0.3658536667651646,-4.085365807695468,1.4024390070190158,12.90519909,77.6298446,807,11,null,322.8999938964844,1.4621901512145996,1540622971000
0.3102426528930664,-0.03443717956542969,0.596412181854248,-4.414907932281494,7.105990409851074,5.377377033233643,-1.95121941378527,-1.2804877936574364,-0.3658536667651646,12.90511511,77.62985567,797,14,null,null,0,1540622978000
0.663109302520752,-0.7638053894042969,1.6892108917236328,-3.9624037742614746,6.835445880889893,5.815515995025635,-4.451219341058501,-4.085365807695468,-30.182926961177337,12.90511691,77.62987231,798,12,null,null,0,1540622983000
-0.4098997116088867,0.13767099380493164,0.05485963821411133,-4.417302131652832,7.417236804962158,5.262455463409424,-1.8292683071453966,0.5487805134879601,0.06097560668078969,12.90511353,77.629883,801,21,null,null,0,1540622990000
-0.35155200958251953,0.2730879783630371,0.15289974212646484,-4.414907932281494,7.398083209991455,5.52821159362793,-2.317073160591714,0.24390242672315876,0.12195121336157938,12.90511896,77.62989958,803,18,null,null,0,1540622996000
-0.3098716735839844,0.1352696418762207,-0.08626174926757812,-4.446032524108887,7.225700855255127,5.279214859008789,-1.5243902203805952,0.1829268333825823,0.3048780600843749,12.90512044,77.62989929,804,19,null,null,0,1540623002000
-0.2819814682006836,0.40693140029907227,0.5329318046569824,-4.364629745483398,7.287950038909912,6.203376770019531,-5.853658668242634,-2.3780488206333565,-0.8536585468919086,12.90511671,77.62990489,806,14,null,null,0,1540623007000
-0.36208343505859375,0.2995424270629883,0.4622960090637207,-4.37420654296875,7.163451671600342,6.203376770019531,-4.146341467737111,-1.5243902203805952,0.24390242672315876,12.90510575,77.62990383,810,15,null,null,0,1540623014000
0.25223875045776367,0.06630086898803711,0.07525491714477539,-3.689464807510376,6.9455790519714355,5.846640586853027,-0.9146341535726983,0.7926829402111188,1.2195122403374996,12.90510426,77.62991203,811,14,null,null,0,1540623019000
-0.5644917488098145,0.4721226692199707,0.5599555969238281,-4.570530891418457,7.319074630737305,6.325480937957764,-2.2560975005500716,1.158536580295857,-0.6097561201687498,12.9051084,77.6299118,811,16,null,null,0,1540623026000
0.07374763488769531,0.05350017547607422,0.19820261001586914,-3.73016619682312,6.878541469573975,6.124367713928223,-1.0975610269759202,0.9146341535726983,0.24390242672315876,12.90510889,77.62991606,813,13,null,null,0,1540623032000
0.20907855033874512,-0.049814701080322266,-0.16324329376220703,-3.60566782951355,6.742072105407715,5.793968200683594,-1.341463453699079,0.6097561201687498,1.4634146670606585,12.90510465,77.6299139,814,13,null,null,0,1540623037000
-0.008132457733154297,0.22743844985961914,-0.028890609741210938,-3.823540210723877,7.0317702293396,5.913678169250488,-2.134146393910198,1.4024390070190158,0.3658536667651646,12.90509978,77.6299317,815,18,null,null,0,1540623044000
-0.03267955780029297,0.24685907363891602,0.4158182144165039,-3.8331170082092285,7.06528902053833,6.3518171310424805,-1.2195122403374996,-0.5487805134879601,1.0975610269759202,12.90509636,77.62993315,816,18,null,null,0,1540623050000
0.4691290855407715,0.3095064163208008,0.17561721801757812,-3.533841609954834,7.029376029968262,6.090848922729492,2.682926907398158,-1.5853658804222377,-2.134146393910198,12.90509435,77.62993361,816,12,null,null,0,1540623055000
-0.09823298454284668,0.24373769760131836,0.5069766044616699,-4.048594951629639,7.134721279144287,6.258443355560303,-2.682926907398158,-1.158536580295857,0.3048780600843749,12.9050871,77.62993806,816,24,null,null,0,1540623062000
0.1041405200958252,0.12444114685058594,0.2879929542541504,-3.8570590019226074,6.998251438140869,6.052541732788086,-1.0365853669342777,-0.7317073335303292,-0.24390242672315876,12.90508521,77.62993749,817,22,null,null,0,1540623068000
-0.48877692222595215,0.2789769172668457,-0.9394640922546387,-4.797980308532715,7.599195957183838,4.651933670043945,-1.95121941378527,12.195121763044762,8.231707275432578,12.90508266,77.62994291,817,14,null,null,0,1540623073000
-0.07755470275878906,-0.022876739501953125,0.20257186889648438,-2.8778305053710938,7.795520782470703,5.418078422546387,3.1707317608444754,9.146341322283572,10.121951029176206,12.90517584,77.62989698,812,13,null,327.5,3.2304797172546387,1540623079000
1.533065915107727,-1.1266283988952637,0.31497669219970703,-1.802833914756775,6.797138690948486,5.032611846923828,-2.439024480674999,4.146341467737111,-7.987804635266008,12.90552291,77.62964706,804,25,null,330.1000061035156,5.043580055236816,1540623086000
-0.5863678455352783,1.2069926261901855,0.13103342056274414,-3.6607344150543213,8.437167167663574,5.999869346618652,-1.768292647103754,-1.7073170937838171,7.621951528789799,12.90581778,77.62954988,809,15,null,327,3.900012969970703,1540623092000
-0.8814506530761719,0.7482843399047852,-1.2031950950622559,-3.794809579849243,7.407660007476807,5.3797712326049805,7.560975868748156,9.878048389009637,18.841462731168278,12.90592996,77.62950701,810,18,null,323.5,1.3562448024749756,1540623098000
-1.0477516651153564,0.8462162017822266,-1.3176608085632324,-3.7900211811065674,8.283937454223633,4.455609321594238,18.475610478465715,13.170731469937397,-0.3658536667651646,12.90612245,77.62949966,810,23,null,13.600000381469727,3.0123910903930664,1540623104000
0.06301140785217285,0.38189268112182617,0.18979167938232422,-2.3343467712402344,7.819462776184082,6.114790916442871,0.4878048534463175,-12.317073083128047,-3.231707420886118,12.90612664,77.62938628,814,16,null,null,0,1540623110000
-2.3795268535614014,1.509035587310791,0.9731655120849609,-4.800374507904053,9.246406555175781,6.490680694580078,-9.39024396245014,29.512195554492916,-1.341463453699079,12.90615647,77.62935859,813,16,null,null,0,1540623116000
-0.6586751937866211,0.5416088104248047,0.3769645690917969,-3.224989652633667,8.183381080627441,5.961562156677246,1.0975610269759202,3.231707420886118,6.951219695218554,12.90620787,77.62933054,815,18,null,null,0,1540623122000
2.018476724624634,-1.3592524528503418,-0.8481550216674805,-0.4596867263317108,5.846640586853027,5.324704647064209,-22.195121472137682,53.53658682787987,-10.060975369134564,12.90627549,77.62926295,817,22,null,null,0,1540623128000
0.07476592063903809,0.24506282806396484,0.04369401931762695,-0.7015010714530945,7.024587631225586,7.086836814880371,-1.7073170937838171,1.8292683071453966,10.487804989426062,12.90633118,77.62915856,824,15,null,322.1000061035156,0.6224146485328674,1540623134000
-1.0622098445892334,0.6374964714050293,-1.2982792854309082,-3.8762125968933105,7.582436561584473,5.027823448181152,2.8048780140380316,-15.792683144180735,-2.987804780719548,12.90644594,77.62913669,831,18,null,null,0.15000000596046448,1540623140000
-1.9770526885986328,0.16530799865722656,-2.231801986694336,-4.1395745277404785,7.33583402633667,4.098873138427734,-13.902439390437108,-18.78048792490028,44.63414558444194,12.90659292,77.6291027,834,23,null,336.5,0.32557642459869385,1540623146000
-0.117523193359375,0.3958725929260254,0.5951733589172363,-2.207453966140747,6.789956092834473,7.73087739944458,-1.5243902203805952,0.24390242672315876,0.8536585468919086,12.9067226,77.6289118,852,19,null,323.5,2.4200000762939453,1540623152000
-0.14429402351379395,0.22915077209472656,-0.13425588607788086,-2.0446481704711914,6.5481414794921875,7.12035608291626,-3.231707420886118,1.2804877936574364,0.975609706892635,12.90678147,77.6287795,867,21,null,259.6000061035156,0.632850706577301,1540623158000
-0.0755009651184082,0.40279054641723633,0.5535416603088379,-1.580173134803772,6.84981107711792,7.7883381843566895,-2.3780488206333565,0.4878048534463175,1.4634146670606585,12.90677186,77.62881266,867,19,null,103.5999984741211,2.0474863052368164,1540623164000
-0.2994039058685303,0.7363677024841309,-0.4750709533691406,-2.2697031497955322,7.319074630737305,6.521805286407471,2.134146393910198,-1.7073170937838171,0.975609706892635,12.90670829,77.62886514,868,20,null,141.6999969482422,1.0600471496582031,1540623170000
0.011634588241577148,0.05540037155151367,-0.0856618881225586,-1.8267759084701538,6.445190906524658,7.122750282287598,-0.1829268333825823,-0.24390242672315876,-1.158536580295857,12.90665932,77.62878315,863,27,null,169.10000610351562,0.7731752395629883,1540623177000
-0.1785290241241455,0.07407140731811523,-0.24814558029174805,-1.8818424940109253,6.392518520355225,7.0557122230529785,0.24390242672315876,1.0365853669342777,-0.7926829402111188,12.90671258,77.62876866,864,37,null,257.1000061035156,1.148564338684082,1540623184000
-0.13572168350219727,0.1369647979736328,0.16997957229614258,-1.4915876388549805,6.737283706665039,7.295132637023926,-3.8414635944157207,2.317073160591714,0.12195121336157938,12.90689518,77.62860064,862,34,null,342.3999938964844,1.409999966621399,1540623192000
0.21219712495803833,0.3076043128967285,0.8865318298339844,-0.811634361743927,6.564900875091553,8.367734909057617,0.1829268333825823,0.24390242672315876,1.0365853669342777,12.90671795,77.62864192,850,19,null,276.20001220703125,0.6789698004722595,1540623197000
-0.15032494068145752,-0.02220296859741211,-0.5209941864013672,-1.3024457693099976,7.321468830108643,5.875370979309082,-2.6219512473565154,0,0.6707317268495395,12.90680128,77.62881768,862,25,null,231,0.5142956376075745,1540623204000
0.26584821939468384,0.2935471534729004,0.8039436340332031,-0.7709329724311829,7.733271598815918,7.108384609222412,-3.231707420886118,0.9146341535726983,1.0975610269759202,12.90660037,77.62900895,870,38,null,312.79998779296875,0.3138470947742462,1540623211000
0.07131189107894897,0.49718570709228516,0.7385635375976562,-0.9481038451194763,7.922413349151611,7.062894821166992,-2.682926907398158,-0.5487805134879601,0.975609706892635,12.90660325,77.62902508,870,18,null,122.4000015258789,1.3098090887069702,1540623218000
0.15754109621047974,0.09630823135375977,0.44075584411621094,-0.8906430602073669,7.510610580444336,6.773196697235107,-1.4024390070190158,0.06097560668078969,-0.12195121336157938,12.90658626,77.62881084,873,28,null,261.6000061035156,3.440523147583008,1540623225000
-0.011712789535522461,0.4764103889465332,0.4970588684082031,-1.0462661981582642,7.893682956695557,6.828263282775879,-2.2560975005500716,-0.06097560668078969,0.4878048534463175,12.90668995,77.6288253,874,34,null,330.8999938964844,1.2509995698928833,1540623231000
-0.2760615348815918,0.036427974700927734,-0.22791719436645508,-1.2976573705673218,7.457938194274902,6.100425720214844,-2.0121950738269128,0.6097561201687498,-0.1829268333825823,12.9066894,77.6289069,875,25,null,80.30000305175781,0.3748333156108856,1540623237000
-0.01417994499206543,0.23981618881225586,0.0801229476928711,0.811634361743927,6.936002254486084,7.196970462799072,-2.5609755873148727,-1.2804877936574364,0.6097561201687498,12.90670646,77.62883614,878,24,null,307.3999938964844,0.2800000011920929,1540623242000
-0.029136955738067627,0.09637594223022461,-0.022075176239013672,0.9193734526634216,6.907271862030029,6.9695210456848145,-2.0121950738269128,0.1829268333825823,0.3048780600843749,12.90673573,77.62878264,880,16,null,null,0,1540623248000
0.006409049034118652,0.07408380508422852,-0.34517717361450195,0.9169792532920837,7.0557122230529785,6.481103897094727,-1.0975610269759202,-0.6097561201687498,0.24390242672315876,12.90675064,77.62877527,883,20,null,null,0,1540623254000
0.16606885194778442,0.4584484100341797,0.623328685760498,1.0606313943862915,7.433996200561523,7.457938194274902,-2.743902353996389,0.5487805134879601,0.4878048534463175,12.90673398,77.62877478,878,20,null,null,0,1540623260000
0.025825858116149902,0.18668270111083984,0.18007373809814453,0.7709329724311829,7.283161640167236,6.907271862030029,-2.8658536740796743,0,3.4146341875676343,12.90673767,77.62877021,876,16,null,null,0,1540623266000
0.14221370220184326,0.23623275756835938,-0.17688894271850586,1.0558429956436157,7.3669586181640625,6.493074893951416,-1.5243902203805952,-0.06097560668078969,0.7926829402111188,12.9067484,77.62878261,878,12,null,null,0,1540623272000
0.2393309772014618,-0.9929227828979492,0.46715784072875977,0.5267243981361389,5.7772088050842285,7.556100368499756,-12.012194782919833,33.841463148581305,18.90243924498357,12.90675166,77.62877272,879,29,null,null,0,1540623279000
0.12537264823913574,0.15543222427368164,0.30373668670654297,-1.1348515748977661,6.651092529296875,7.5417351722717285,-1.7073170937838171,-0.9146341535726983,0.7926829402111188,12.90675839,77.62877422,879,35,null,null,0,1540623285000
-0.20635747909545898,0.07246828079223633,-0.1750192642211914,-1.37906014919281,6.57926607131958,7.067683219909668,-2.2560975005500716,0.24390242672315876,0.4268292734459543,12.90675798,77.62877572,879,23,null,null,0,1540623291000
-2.0528204441070557,1.1790685653686523,-3.3663463592529297,-2.516305923461914,8.664615631103516,2.9520506858825684,-22.31707279222097,-73.84146198495299,40.42682760288954,12.90676324,77.62879055,875,18,null,null,0,1540623297000
-1.7890400886535645,1.4625983238220215,-0.427889347076416,-3.8139634132385254,9.124302864074707,5.348646640777588,-8.902438682117001,-0.7317073335303292,18.170731324483857,12.90699158,77.62879306,860,13,null,334.3999938964844,6.380281925201416,1540623302000
-2.6479547023773193,1.1977663040161133,1.5765376091003418,-4.714183330535889,8.918401718139648,7.259219646453857,-7.256097568539944,-4.878048961349998,-0.12195121336157938,12.90747956,77.62844786,857,13,null,328.79998779296875,9.860126495361328,1540623308000
0.0678408145904541,-0.24710607528686523,-0.4943852424621582,-2.7222073078155518,7.41484260559082,4.953603267669678,-7.012194928373373,11.524390356360339,-7.500000208706514,12.90786363,77.62817551,845,12,null,328.20001220703125,10.680000305175781,1540623313000
-0.48772287368774414,0.3127751350402832,-0.2905845642089844,-2.894589900970459,8.056488990783691,5.224148273468018,-3.658536614290793,12.62195138333626,-9.99999970909292,12.90851826,77.62791321,826,12,null,330.70001220703125,12.580671310424805,1540623319000
0.849555492401123,-0.1900787353515625,-0.1535959243774414,-0.871489405632019,6.689399719238281,6.619967937469482,-4.878048961349998,5.914634328284277,5.182926834671388,12.90918004,77.62752767,823,10,null,325.70001220703125,11.879701614379883,1540623325000
-1.186750888824463,0.22116804122924805,-0.9023795127868652,-1.965639591217041,6.878541469573975,6.256049156188965,12.073170442961477,10.121951029176206,-15.121951737496312,12.90975018,77.62709304,822,11,null,325.6000061035156,11.891363143920898,1540623331000
-0.1599750518798828,0.72796630859375,-0.803178071975708,-2.9735984802246094,8.949525833129883,3.7421371936798096,30.853658367861758,-11.097560736068841,-11.707317336485268,12.91030281,77.62678726,814,13,null,329.5,12.905022621154785,1540623337000
-0.21952152252197266,-0.7158961296081543,0.857719898223877,-2.8826189041137695,7.316680431365967,5.813121795654297,3.8414635944157207,-3.536585294207508,-2.926829334121317,12.91093182,77.62637406,811,14,null,330.79998779296875,13.92017650604248,1540623343000
-0.3946189880371094,1.3799705505371094,-0.4922657012939453,-2.9496564865112305,8.724471092224121,5.48272180557251,-8.963414342158643,9.81707358274164,-9.268292642366855,12.91158385,77.62611115,811,21,null,333.8999938964844,11.22064208984375,1540623350000
0.8045098781585693,0.1554551124572754,0.463742733001709,-2.894589900970459,8.006210327148438,5.03021764755249,0.06097560668078969,-7.560975868748156,10.121951029176206,12.91206832,77.62575598,811,13,null,329,12.380488395690918,1540623356000
-0.4311647415161133,-0.4176759719848633,0.07017707824707031,-3.555389642715454,7.453149795532227,5.015852451324463,23.29268335288725,-4.329268447862038,-42.62195136438867,12.91244495,77.62566399,796,15,null,340.20001220703125,12.43078899383545,1540623361000
-1.7405364513397217,0.05976581573486328,-0.7972860336303711,-5.386953830718994,7.599195957183838,4.304774761199951,6.036585221480738,6.890244035176911,-17.499999917799435,12.91338806,77.62502938,799,11,null,328.1000061035156,15.390117645263672,1540623368000
-0.6759934425354004,1.5459609031677246,-0.5683012008666992,-4.786009311676025,8.398859977722168,5.116408824920654,8.292682935474222,-9.146341322283572,1.158536580295857,12.91397493,77.62463298,799,10,null,325.6000061035156,13.701316833496094,1540623373000
4.163450717926025,-0.9940557479858398,0.13307952880859375,2.190694570541382,6.5696892738342285,6.054935932159424,0.9146341535726983,9.878048389009637,3.536585294207508,12.91464818,77.62429475,806,15,null,332.70001220703125,13.641059875488281,1540623379000
1.3361566066741943,-1.353170394897461,-0.9774670600891113,-1.1994950771331787,6.217741966247559,4.716577529907227,-1.8292683071453966,-3.90243882757054,-5.853658668242634,12.91524324,77.62395547,794,14,null,327.70001220703125,11.210071563720703,1540623385000
-1.8440451622009277,1.2286572456359863,-1.3362698554992676,-4.273650169372559,8.75080680847168,4.467580318450928,-1.341463453699079,30.487806115159195,-0.6097561201687498,12.91562266,77.62362895,797,18,null,321.5,10.44017219543457,1540623390000
-4.037738800048828,1.383376121520996,-2.7604568004608154,-6.892906665802002,10.08198356628418,0.7541735172271729,-18.292682644567144,-10.731707629592632,-72.92683135319659,12.91580918,77.62360591,798,9,null,332.6000061035156,8.331014633178711,1540623394000
0.6056681871414185,1.1753292083740234,1.237999439239502,-1.601720929145813,9.634267807006836,5.681440830230713,-37.43902282216999,5.3048781547546735,14.817072583514454,12.91627913,77.62333621,802,9,null,336.29998779296875,9.256370544433594,1540623399403
-0.7263391017913818,1.099259376525879,3.9038519859313965,-2.6024973392486572,9.787496566772461,8.04691219329834,-10.975609415985556,8.170731615390936,3.3536585275259916,12.91670601,77.62306425,800,10,null,334.79998779296875,10.150315284729004,1540623405000
2.30930233001709,-0.6340427398681641,1.205369234085083,-0.6033388376235962,7.8960771560668945,5.0685248374938965,-17.987805198132577,34.08536578874788,24.5731713599881,12.91699659,77.62284879,807,7,null,327.79998779296875,11.391936302185059,1540623408000
0.9998209476470947,-0.40126562118530273,-2.856301784515381,-2.7485435009002686,7.359776020050049,1.821987509727478,34.45121804145044,3.536585294207508,-24.634146166256095,12.91733284,77.62260494,812,9,null,323.3999938964844,11.304251670837402,1540623412000
-2.0181820392608643,-0.7778067588806152,-1.206653118133545,-3.3877954483032227,7.086836814880371,4.489128112792969,44.32926984555466,42.256099111686105,-16.463414550865156,12.91779552,77.62235187,819,9,null,330.29998779296875,12.081655502319336,1540623416879
-0.07053804397583008,-0.5740737915039062,0.17649030685424805,-2.6216509342193604,7.216124057769775,5.559336185455322,-4.329268447862038,19.512195845399994,-4.99999985454646,12.91820906,77.62206943,821,10,null,329.70001220703125,11.99003791809082,1540623421000
0.3210129737854004,-4.473826885223389,-4.272537708282471,-2.7102363109588623,4.072536945343018,-0.5386953949928284,84.99999667351618,-34.99999983559887,19.756096778019273,12.91874274,77.6216738,815,13,null,326.29998779296875,13.029597282409668,1540623426000
0.6536791324615479,-0.03509235382080078,0.9639081954956055,-2.006340980529785,7.347805023193359,6.845022678375244,-0.4878048534463175,10.975609415985556,1.341463453699079,12.91910184,77.62146923,819,14,null,329.29998779296875,12.244709014892578,1540623430000
0.04510211944580078,0.050571441650390625,0.9365100860595703,-1.9728221893310547,7.601590633392334,6.8593878746032715,-8.353658595515864,21.03658478512012,0.5487805134879601,12.91949171,77.62120105,809,11,null,324.1000061035156,8.660831451416016,1540623436000
0.40342187881469727,0.5881710052490234,0.5093669891357422,-2.4396915435791016,8.063671112060547,6.184223175048828,-4.268292787820396,21.03658478512012,-15.91463446426402,12.91981435,77.62097471,806,14,null,327,6.610612869262695,1540623442000
-0.9915494918823242,-0.10107231140136719,-0.7097558975219727,-3.0813376903533936,8.520963668823242,3.469198226928711,20.487804698518982,23.658537313137106,-26.46341425995808,12.91994572,77.62089601,804,9,null,322.8999938964844,4.310742378234863,1540623446910
0.16147208213806152,0.12363052368164062,-0.2484447956085205,-2.0590133666992188,8.889671325683594,3.5458126068115234,0.7317073335303292,3.4146341875676343,-3.109756100802833,12.92013092,77.62085706,816,11,null,335.8999938964844,6.855450630187988,1540623451000
-0.835781455039978,-1.4728116989135742,4.716884613037109,-2.760514497756958,6.586448669433594,9.962273597717285,0.9146341535726983,-35.30487898958073,-34.93902332178358,12.92050181,77.62061088,813,15,null,328.6000061035156,6.00029993057251,1540623457000
1.125059962272644,-0.7595138549804688,1.658707618713379,-0.6153098344802856,6.574477672576904,7.931990146636963,170.1219532048521,88.53658666347874,-69.26829516579261,12.92088567,77.62040631,815,15,null,339.1000061035156,6.682424545288086,1540623464000
-0.024564743041992188,-0.29329681396484375,-0.46551990509033203,-2.1284453868865967,6.825869083404541,5.942408561706543,7.317073228581586,-9.085365662241928,4.268292787820396,12.92123692,77.62018972,811,12,null,334.1000061035156,6.741067886352539,1540623470000
-0.04982435703277588,-1.377307415008545,0.5949544906616211,-1.680729627609253,7.3454108238220215,4.76924991607666,2.8658536740796743,-2.439024480674999,-10.121951029176206,12.9216208,77.62005457,815,19,null,331.29998779296875,5.032544136047363,1540623477000
-0.6427571773529053,0.3876175880432129,0.6215109825134277,-2.935291290283203,8.322244644165039,5.9088897705078125,-1.890243967187039,-3.3536585275259916,-0.9146341535726983,12.9220159,77.61963975,811,23,null,316.1000061035156,10.250394821166992,1540623482000
-0.628934383392334,2.583686351776123,0.1980724334716797,-3.268085241317749,10.326191902160645,5.60722017288208,-5.853658668242634,-8.475609915599149,1.4634146670606585,12.9225304,77.61948136,807,12,null,329.6000061035156,8.9624605178833,1540623488000
-0.2988929748535156,-2.123361587524414,0.71209716796875,-2.9041666984558105,5.932831764221191,5.659893035888672,-10.365853669342776,-10.609756309509347,-14.024389856746746,12.92288579,77.61924734,813,10,null,325.5,8.634222984313965,1540623493000
2.776479482650757,0.1912999153137207,0.6340517997741699,0.42377370595932007,8.073247909545898,5.9735331535339355,-0.3048780600843749,-42.13414608405553,29.329269428141632,12.92335715,77.61894471,814,16,null,328.6000061035156,8.890023231506348,1540623500000
1.576767921447754,-0.8104000091552734,0.9361610412597656,-0.304063618183136,6.809109687805176,6.8162922859191895,0,26.829268220207933,3.475609847609277,12.92376147,77.61855049,811,15,null,321.29998779296875,9.30008602142334,1540623506000
-1.126704454421997,0.39635562896728516,0.47381019592285156,-3.6511576175689697,8.506598472595215,5.374982833862305,-7.926828975224366,6.280487861647308,-3.658536614290793,12.92405269,77.61829472,813,12,null,320.5,8.03000545501709,1540623512000
-1.2403655052185059,-2.4737629890441895,0.6085357666015625,-3.315969467163086,6.074089527130127,4.944026470184326,9.939024049051278,-30.182926961177337,15.792683144180735,12.92433363,77.61816202,818,10,null,315.20001220703125,5.09762716293335,1540623517000
0.8401889801025391,-0.12391090393066406,-2.182192087173462,-2.341529369354248,8.75080680847168,0.5171475410461426,14.695121263431169,-12.195121763044762,3.8414635944157207,12.92449987,77.61821803,825,14,null,24.100000381469727,5.172281742095947,1540623523000
0.5929527282714844,0.9239006042480469,-1.202462911605835,-1.7501614093780518,9.84495735168457,2.1284453868865967,-3.536585294207508,26.46341425995808,-6.097560881522381,12.92464032,77.61825152,826,12,null,51.29999923706055,3.9128761291503906,1540623530000
-1.6517174243927002,-1.3881502151489258,0.10913920402526855,-4.8267107009887695,7.608773231506348,2.3774423599243164,4.634146321183428,0,-4.451219341058501,12.92475317,77.61867835,833,17,null,70.5999984741211,8.89190673828125,1540623536000
-0.5359909534454346,1.3775453567504883,1.5445995330810547,-3.5218706130981445,10.441113471984863,3.804386615753174,-15.000000417413029,3.231707420886118,-4.2073171277787536,12.92503043,77.61926715,835,31,null,62.599998474121094,8.460147857666016,1540623543000
0.6513447761535645,-1.026453971862793,-2.285677671432495,-2.5282769203186035,7.891288757324219,0.27054479718208313,26.2804881336068,14.573169943347883,4.69512198122507,12.92537476,77.61963468,837,35,null,55.20000076293945,8.63009262084961,1540623549000
-1.9838981628417969,2.118777275085449,0.7312593460083008,-3.971980571746826,10.982203483581543,4.426878929138184,-27.37804830680907,13.71951241031218,1.768292647103754,12.92560974,77.61996517,841,26,null,20.200000762939453,4.436496257781982,1540623555000
1.626973032951355,0.1854991912841797,-1.2550456523895264,-1.292868971824646,8.394071578979492,3.246537446975708,-4.634146321183428,5.914634328284277,-12.134146103003118,12.92592033,77.62010184,843,18,null,13.199999809265137,6.3401970863342285,1540623560000
-1.2204322814941406,1.9357051849365234,0.012601613998413086,-4.039018154144287,10.769119262695312,3.205836057662964,44.9390247384238,48.231708673125205,-26.95121954029122,12.92634077,77.62031144,837,17,null,23.5,4.1056671142578125,1540623567000
-0.9359743595123291,0.049518585205078125,-0.4522566795349121,-1.8387469053268433,7.489062786102295,5.872976779937744,19.81707329183456,64.39024236246121,-0.1829268333825823,12.92658138,77.62043307,837,14,null,15,5.282423973083496,1540623573000
0.9399886131286621,0.13697004318237305,-0.1626596450805664,5.099649429321289,4.019864559173584,7.824251174926758,12.682927043377902,3.1707317608444754,0.6707317268495395,12.92708993,77.62040647,827,37,null,0.4000000059604645,5.8841142654418945,1540623584000
-1.0210771560668945,0.1749248504638672,2.2124204635620117,5.295974254608154,5.803544998168945,7.1706342697143555,-1.2195122403374996,20.182927252084415,-27.37804830680907,12.92734958,77.6208266,834,45,null,76.5999984741211,2.743027448654175,1540623601000
-1.515151023864746,3.085869073867798,7.434247016906738,-11.015722274780273,3.9432501792907715,5.1595048904418945,27.743902267058928,-83.1097554810935,145.4878104536906,12.92726419,77.6208874,845,35,null,null,0.05000000074505806,1540623611000
0.1586681604385376,-0.507077693939209,-0.5266618728637695,1.192312479019165,5.568912982940674,7.101202011108398,-9.81707358274164,-36.402439162783004,-15.548780504014164,12.92726509,77.62098029,847,17,null,null,0,1540623617000
0.31477105617523193,0.1959400177001953,0.4435386657714844,1.9991583824157715,4.376600742340088,9.153033256530762,-1.7073170937838171,0.24390242672315876,-1.2804877936574364,12.92729299,77.62091688,835,23,null,null,0,1540623623000
0.01591777801513672,0.08420562744140625,0.44760799407958984,1.7693150043487549,4.244919776916504,9.153033256530762,-5.975609561439096,12.073170442961477,0.06097560668078969,12.92732839,77.62080471,814,37,null,null,0,1540623631000
0.05628681182861328,-0.7951200008392334,-0.5699863433837891,2.1164743900299072,3.7852327823638916,7.8529815673828125,4.756097641266713,-3.719512274332436,-4.939024194504818,12.92732746,77.62079392,813,25,null,null,0,1540623639000
0.5422532558441162,0.32846856117248535,-0.010320663452148438,2.6192567348480225,3.737348794937134,8.947132110595703,-0.4268292734459543,0.3048780600843749,-3.8414635944157207,12.92733534,77.62077692,812,24,null,null,0,1540623644000
0.46761274337768555,0.2164144515991211,0.3962268829345703,3.2561142444610596,3.0334534645080566,9.366117477416992,-6.158536541564024,4.085365807695468,-4.99999985454646,12.92733546,77.62076725,808,29,null,null,0,1540623652000
0.299410343170166,0.16192007064819336,0.46605873107910156,2.647987127304077,3.5003228187561035,9.3828763961792,-3.719512274332436,-2.317073160591714,2.682926907398158,12.92732995,77.62075686,811,25,null,null,0,1540623661000
0.18167251348495483,0.01768946647644043,0.37192821502685547,-0.3208230137825012,2.6623523235321045,9.801861763000488,-1.0975610269759202,1.2804877936574364,0.1829268333825823,12.92732136,77.62075826,812,37,null,null,0,1540623670000
-0.24873149394989014,0.22937750816345215,0.7824840545654297,-0.3711012601852417,2.7126305103302,10.268731117248535,-2.8048780140380316,-1.5853658804222377,0.3658536667651646,12.92730916,77.62076505,812,30,null,null,0,1540623679000
-0.03203144669532776,0.3612504005432129,0.5346231460571289,0.24899697303771973,2.674323320388794,10.06043529510498,-1.4024390070190158,-1.7073170937838171,0.6707317268495395,12.9280544,77.621572,null,1000,null,null,null,1540623683008
-0.4155775308609009,0.008146524429321289,0.2823524475097656,-1.0582371950149536,2.274491548538208,9.801861763000488,4.2073171277787536,1.6463414337421747,0.6097561201687498,12.9280544,77.621572,null,1000,null,null,null,1540623691863
-0.7880724668502808,-1.7000205516815186,1.455282211303711,-0.8954314589500427,2.6862943172454834,10.225635528564453,-26.646342093856653,-42.01219647151954,34.39024494272974,12.9276671,77.6208559,null,400,null,null,null,1540623700842
-0.7517859935760498,-2.537684202194214,0.2782411575317383,-0.3711012601852417,3.0861260890960693,8.303091049194336,38.9634151769847,-23.658537313137106,1.4024390070190158,12.9280544,77.621572,null,1000,null,null,null,1540623709941
-0.1348571479320526,-0.6472301483154297,8.515596389770508,-0.44532153010368347,5.03021764755249,16.505626678466797,100.12195353365438,-47.07317198610764,-63.841463983407365,12.92732854,77.62092206,808,16,null,103.69999694824219,6.06099796295166,1540623724000
2.9307470321655273,0.4702639579772949,0.07045555114746094,3.141192674636841,5.317522048950195,8.592789649963379,3.1707317608444754,-32.50000033521246,-28.17073103357678,12.92734513,77.62141307,810,20,null,100.5,6.631930351257324,1540623731000
2.337822437286377,-0.07255220413208008,0.7433557510375977,0.5171475410461426,5.097255229949951,8.875306129455566,-49.87804722538132,-2.682926907398158,-5.426829474837959,12.92761304,77.62398558,800,46,null,17.200000762939453,5.715916156768799,1540623788000
1.2158052921295166,-0.030463218688964844,-1.5769429206848145,1.1994950771331787,3.529053211212158,7.560888767242432,1.0975610269759202,-75.60975697993428,-38.41463338283627,12.92823255,77.62408472,794,44,null,13.600000381469727,5.71196985244751,1540623798000
0.4349520802497864,-1.132643699645996,1.5070648193359375,0.6320692300796509,2.7988216876983643,10.488997459411621,-25.548780213107086,6.219512201605666,-31.15853752184362,12.92854436,77.62419507,799,25,null,16.5,6.340386390686035,1540623803000
0.6607054471969604,0.10457801818847656,-0.1473712921142578,1.1085153818130493,3.8977603912353516,8.884882926940918,1.158536580295857,-6.951219695218554,4.756097641266713,12.92928091,77.62441285,798,45,null,16.299999237060547,6.540030479431152,1540623815000
0.528009295463562,-0.7802495956420898,1.1799755096435547,1.0247182846069336,4.819528102874756,9.215282440185547,-23.719512119405103,-29.512195554492916,-14.512195137079887,12.92942525,77.62444313,798,13,null,15.899999618530273,6.262587547302246,1540623821000
-0.16562408208847046,0.1301589012145996,2.1224498748779297,0.629675030708313,4.908113479614258,10.649409294128418,-17.926828684317286,2.926829334121317,-1.4024390070190158,12.92990141,77.62457166,799,32,null,17.799999237060547,7.829999923706055,1540623828000
-1.4359252452850342,-1.10310959815979,5.843222618103027,-1.0749965906143188,3.141192674636841,14.676456451416016,-93.170733411549,38.9634151769847,16.463414550865156,12.93038338,77.62459528,804,34,null,10,3.1918959617614746,1540623835000
-0.8447588682174683,-0.12283897399902344,1.2920312881469727,-2.1523873805999756,3.993528366088867,10.096348762512207,-5.060975514588103,-25.548780213107086,-30.36585308752862,12.93053102,77.624819,796,29,null,93.5999984741211,2.800017833709717,1540623843000
-0.31233227252960205,0.28582072257995605,-0.33303165435791016,-0.12449848651885986,3.6535518169403076,8.875306129455566,13.292682790020681,4.512195001100143,-4.512195001100143,12.93051487,77.62508609,790,24,null,107.9000015258789,4.4604034423828125,1540623848000
-0.4716358482837677,0.8553295135498047,-0.9954462051391602,-0.5051765441894531,5.51624059677124,7.632715225219727,11.158536396110485,11.0365850760272,0.8536585468919086,12.93055793,77.62542074,797,30,null,84.19999694824219,4.4000115394592285,1540623856000
1.2104003429412842,-0.021594524383544922,-0.4502239227294922,0.9528923034667969,4.256890773773193,8.370129585266113,5.365853814796316,10.060975369134564,16.036585784347306,12.93053096,77.62586044,801,18,null,97.30000305175781,6.320506572723389,1540623863000
1.474249005317688,-2.119997978210449,-3.3371682167053223,1.577778935432434,3.047818660736084,4.99669885635376,40.54878063052011,-34.45121804145044,7.134146248456658,12.93058122,77.62621541,802,14,null,83.5,5.9900078773498535,1540623869000
0.3648197054862976,-0.2983975410461426,1.1776695251464844,0.545877993106842,4.244919776916504,9.86650562286377,-38.35365686902098,17.987805198132577,18.10975651821586,12.93049613,77.62654479,802,14,null,98.80000305175781,6.040008544921875,1540623874000
-0.22002488374710083,0.502913236618042,-0.29756832122802734,0.7852981686592102,4.355052947998047,8.664615631103516,-10.304878009301135,-4.878048961349998,2.49999992727323,12.93040094,77.62703258,808,16,null,99.0999984741211,5.490145206451416,1540623882000
-0.4328863322734833,1.1191380023956299,0.15176105499267578,-0.37828385829925537,4.63517427444458,9.306262016296387,-14.024389856746746,0.6097561201687498,-8.170731615390936,12.93044644,77.62725158,817,16,null,96.4000015258789,4.8103742599487305,1540623886000
1.2973692417144775,1.2896251678466797,0.2947835922241211,2.0638017654418945,6.184223175048828,8.757989883422852,-7.195121908498301,-19.63414716548328,-8.536585575640792,12.93036029,77.62755091,811,24,null,103.0999984741211,4.420407295227051,1540623894000
-0.41605710983276367,0.9565412998199463,0.22374439239501953,-1.0582371950149536,4.20421838760376,9.454702377319336,0,-1.5243902203805952,-17.256097277632865,12.93026944,77.62785133,814,26,null,108.5,5.250038146972656,1540623900000
-0.8623462915420532,-0.28269433975219727,1.183450698852539,-0.912190854549408,2.9520506858825684,10.441113471984863,4.390244107903681,-1.0365853669342777,-10.853658949675918,12.9301694,77.62805938,813,18,null,112.4000015258789,4.4801788330078125,1540623905000
0.3531564474105835,-0.10472965240478516,-0.06641197204589844,0.11971008777618408,3.023876667022705,9.224859237670898,25.00000012650595,-2.1951220539518403,6.707317055051983,12.93004368,77.62838336,824,22,null,111.0999984741211,5.7508955001831055,1540623911000
-0.4514063596725464,-0.4856891632080078,1.6596508026123047,-0.7350199222564697,2.8443117141723633,10.879252433776855,-35.73170775609858,12.256097423086404,11.280487716193768,12.93010183,77.62893348,830,26,null,98,7.7700066566467285,1540623918000
-0.9732851982116699,-1.072540521621704,1.0834407806396484,-1.1204863786697388,3.1292216777801514,9.943120002746582,-9.268292642366855,6.463414841772236,-0.3658536667651646,12.92997768,77.62911827,812,21,null,109.69999694824219,4.822032928466797,1540623923000
0.3553786277770996,-1.7335293292999268,0.3875598907470703,1.4748282432556152,2.7940332889556885,9.014169692993164,7.865853315182723,-4.878048961349998,-13.902439390437108,12.9299258,77.62958541,792,27,null,103.0999984741211,5.892172336578369,1540623930000
-0.5635418891906738,0.2594945430755615,1.6915216445922852,0.24899697303771973,3.861847400665283,10.776301383972168,-15.91463446426402,16.40243974459716,-18.53658528473371,12.92987526,77.62998254,789,28,null,100.69999694824219,7.671883583068848,1540623936000
1.1613121032714844,0.7126748561859131,0.7343482971191406,1.5682021379470825,3.9456443786621094,9.983820915222168,3.0487804407611905,2.5609755873148727,-5.426829474837959,12.92963828,77.63070689,803,28,null,103.4000015258789,10.280077934265137,1540623942000
-0.000044226646423339844,1.3474292755126953,0.3883047103881836,-0.6775590777397156,4.474762916564941,9.658209800720215,9.878048389009637,6.6463413950103405,9.634146602616712,12.92957107,77.63104969,820,26,null,110.0999984741211,6.950352191925049,1540623948000
-0.654573917388916,0.43689393997192383,2.1735315322875977,0.2992752194404602,3.907337188720703,11.295844078063965,-29.08536678797506,15.365854377662883,-15.975609270532017,12.92950878,77.63154048,814,29,null,95.0999984741211,8.886714935302734,1540623954000
-0.20954598486423492,0.1982412338256836,-0.5818862915039062,0.19393034279346466,3.4332852363586426,8.667010307312012,18.35365915838243,5.5487803680344205,-6.097560881522381,12.92943828,77.63177497,810,22,null,116.5,5.274182319641113,1540623960000
0.2091168463230133,0.336397647857666,2.8367996215820312,0.395043283700943,4.170699596405029,11.860875129699707,-44.512195971905946,56.46341509478413,32.195121181230604,12.92946224,77.6321515,797,19,null,79.80000305175781,6.9614081382751465,1540623965000
0.8811995983123779,0.2542095184326172,-1.0187807083129883,0.6129156351089478,3.646369218826294,8.178592681884766,16.951219831198298,11.76829299652691,7.256097568539944,12.92968563,77.63275473,792,20,null,60.29999923706055,9.577942848205566,1540623971000
2.8907663822174072,-1.957071304321289,-2.8131942749023438,-2.741360902786255,6.021417140960693,-1.922544002532959,148.04877622260855,-4.939024194504818,31.21951062056432,12.9298321,77.6330087,797,27,null,64.4000015258789,4.680171012878418,1540623978000
0.5229528546333313,-0.5139961242675781,0.6161632537841797,1.192312479019165,5.616796970367432,8.24084186553955,-7.560975868748156,3.475609847609277,-1.7073170937838171,12.92965206,77.63291223,789,65,null,240.89999389648438,0.8229823708534241,1540623998000
0.1200861930847168,-0.14743614196777344,-0.09692096710205078,5.082890033721924,5.659893035888672,6.052541732788086,-2.5609755873148727,-0.6707317268495395,0.7317073335303292,12.92962802,77.63261398,788,46,null,247.60000610351562,0.3337664008140564,1540624007000
0.22786903381347656,0.21213960647583008,0.3574948310852051,5.137956619262695,6.0836663246154785,6.48828649520874,-2.3780488206333565,0.975609706892635,-0.06097560668078969,12.92967525,77.63261801,794,37,null,null,0.019999999552965164,1540624022000
-0.6760503649711609,0.9549341201782227,0.21470260620117188,0.9074024558067322,6.3733649253845215,8.233659744262695,10.121951029176206,25.00000012650595,27.073170860374503,12.92971015,77.63263815,794,46,null,218.1999969482422,0.3765634000301361,1540624035000
0.13078546524047852,0.3822636604309082,0.5013704299926758,4.49870491027832,5.987898349761963,7.259219646453857,-2.439024480674999,-0.3048780600843749,3.3536585275259916,12.92973074,77.63276134,812,43,null,47.400001525878906,0.2376972883939743,1540624044000
0.19147586822509766,0.02771615982055664,0.20842313766479492,5.2265424728393555,5.542576789855957,6.564900875091553,-1.890243967187039,0.4878048534463175,0.3048780600843749,12.92972554,77.63283178,818,41,null,141.3000030517578,0.41048750281333923,1540624051000
0.13932180404663086,-0.15868425369262695,0.013833999633789062,5.583278179168701,4.98472785949707,6.344634532928467,-2.1951220539518403,0.7317073335303292,0.5487805134879601,12.9296864,77.6328936,null,24.14900016784668,null,null,null,1540624006953
0.11613225936889648,0.25461816787719727,-0.11560440063476562,5.681440830230713,5.453991413116455,6.0621185302734375,-1.158536580295857,-2.134146393910198,0.6097561201687498,12.9297028,77.6329816,null,24.648000717163086,null,null,null,1540624055170
0.39251863956451416,0.21030330657958984,0.5665454864501953,2.3080103397369385,4.302380561828613,9.27034854888916,-0.6097561201687498,2.3780488206333565,0.4268292734459543,12.9296681,77.6329425,null,23.847999572753906,null,null,null,1540624073223
-1.0800132751464844,0.6708698272705078,0.5987510681152344,0.871489405632019,5.307945251464844,9.016563415527344,-15.67073182409745,-21.890244025703115,-10.609756309509347,12.9296809,77.6329509,null,24.799999237060547,null,null,null,1540624073224
-1.1801307201385498,0.4764680862426758,1.2664790153503418,2.1140801906585693,6.440402507781982,8.31985092163086,6.524390074927056,11.707317336485268,-6.4024391817305935,12.9297525,77.6329691,null,24.93000030517578,null,null,null,1540624073224
-0.9316319227218628,-0.004073143005371094,-5.0377068519592285,-2.894589900970459,8.164227485656738,0.021547814831137657,-3.719512274332436,-5.609756028076063,-15.60975531028216,12.9297186,77.6329796,null,23.788000106811523,null,null,null,1540624073224
0.45992767810821533,-2.417628765106201,1.319465160369873,1.1827356815338135,4.015076160430908,8.686163902282715,32.13414466741531,-7.500000208706514,-21.402438745369974,12.92956571,77.63345623,788,30,null,183,3.0299999713897705,1540624113000
1.2012791633605957,0.44521617889404297,0.24302005767822266,4.211400985717773,6.354211330413818,7.467514991760254,6.097560881522381,-10.121951029176206,10.548780649467705,12.92913998,77.63348136,810,44,null,177.1999969482422,6.900115966796875,1540624120000
0.21339178085327148,0.11614131927490234,-1.5110116004943848,4.259284973144531,5.544970989227295,5.583278179168701,5.3048781547546735,-2.2560975005500716,4.146341467737111,12.92908249,77.63345438,810,13,null,172.39999389648438,3.6000137329101562,1540624126000
0.2647976875305176,-0.14537668228149414,0.1581869125366211,5.5976433753967285,5.765237808227539,5.884947776794434,-10.304878009301135,-6.158536541564024,6.219512201605666,12.9282871,77.6334118,810,37,null,176.5,7.8005194664001465,1540624135000
-0.41217899322509766,-0.21891546249389648,1.9758343696594238,4.304774761199951,5.197812080383301,8.652645111083984,-0.6707317268495395,7.195121908498301,-0.3048780600843749,12.9294347,77.6330872,null,41.090999603271484,null,null,null,1540624073225
0.4743485450744629,0.395294189453125,2.4434938430786133,5.322310447692871,5.329493045806885,9.394847869873047,-5.609756028076063,17.804877364234002,3.2926828674843494,12.92651663,77.63349835,806,34,null,179.8000030517578,9.10092830657959,1540624153000
-3.771191120147705,-0.49237918853759766,2.2570576667785645,1.6280571222305298,4.146757125854492,9.002198219299316,31.09756100802833,-7.621951528789799,-32.56097684902775,12.92637936,77.63354279,805,13,null,null,0,1540624160000
3.4850802421569824,-1.4654254913330078,3.237311363220215,1.213860273361206,7.005434036254883,7.625532627105713,13.96341505047875,33.109755228081596,54.57317048726686,12.92637793,77.6335549,807,12,null,null,0,1540624165000
