accelerationX,accelerationY,accelerationZ,accelerationIncludingGravityX,accelerationIncludingGravityY,accelerationIncludingGravityZ,rotationRateA,rotationRateB,rotationRateG,latitude,longitude,altitude,accuracy,altitudeAccuracy,heading,speed,timestamp
0,0,0,10.019622802734375,3.1925811767578125,3.567779541015625,1.5771726416259844,-1.0797163039956157,0.1827212206761811,19.1894377,72.8416401,null,31.070999145507812,null,null,null,1540534834053
-0.00006189942359924316,0.00023746490478515625,0.0019425153732299805,0.45550537109375,9.626876831054688,-1.16522216796875,1.5771726416259844,-1.0797163039956157,0.1827212206761811,19.1894408,72.8416428,null,25.04800033569336,null,null,null,1540534837109
0,0,0,-1.769805908203125,8.207931518554688,4.63018798828125,1.5771726416259844,-1.0797163039956157,0.1827212206761811,19.1893909,72.8416539,null,22.961999893188477,null,null,null,1540534840108
0,0,0,0.969970703125,8.1864013671875,5.175750732421875,1.5771726416259844,-1.0797163039956157,0.1827212206761811,19.1893644,72.8416586,null,22.797000885009766,null,null,null,1540534842981
0,0,0,-0.48486328125,8.109832763671875,4.1037750244140625,1.5771726416259844,-1.0797163039956157,0.1827212206761811,19.1893495,72.8416465,null,21.916000366210938,null,null,null,1540534846051
0,0,0,-1.6023101806640625,9.373245239257812,4.376556396484375,1.5771726416259844,-1.0797163039956157,0.1827212206761811,19.1893554,72.841647,null,24.843000411987305,null,null,null,1540534849047
0,0,0,-0.5327301025390625,8.51422119140625,4.213836669921875,1.5771726416259844,-1.0797163039956157,0.1827212206761811,19.1893625,72.8416477,null,27.645999908447266,null,null,null,1540534852032
0,0,0,-0.889251708984375,8.483108520507812,4.0750579833984375,1.5771726416259844,-1.0797163039956157,0.1827212206761811,19.1893673,72.8416481,null,31.10700035095215,null,null,null,1540534855042
0,0,0,1.919921875,7.863372802734375,5.539459228515625,1.5771726416259844,-1.0797163039956157,0.1827212206761811,19.1894109,72.8417506,null,24.761999130249023,null,null,null,1540534858142
0,0,0,6.2628936767578125,5.259979248046875,10.703170776367188,1.5771726416259844,-1.0797163039956157,0.1827212206761811,19.1894258,72.8417576,null,22.302000045776367,null,null,null,1540534861135
0,0,0,4.4084625244140625,4.685699462890625,10.9879150390625,1.5771726416259844,-1.0797163039956157,0.1827212206761811,19.189429,72.8417643,null,21.152000427246094,null,null,null,1540534864060
0,0,0,2.781341552734375,3.946319580078125,6.101776123046875,1.5771726416259844,-1.0797163039956157,0.1827212206761811,19.1894333,72.8417715,null,20.406999588012695,null,null,null,1540534866664
0,0,0,2.2381591796875,3.9128265380859375,6.900970458984375,1.5771726416259844,-1.0797163039956157,0.1827212206761811,19.1894588,72.8418051,null,19.993000030517578,null,null,null,1540534869666
0,0,0,3.8748626708984375,4.8627777099609375,6.941650390625,1.5771726416259844,-1.0797163039956157,0.1827212206761811,19.1895145,72.8418931,-49.900001525878906,18.986000061035156,null,null,null,1540534872647
0,0,0,3.2024688720703125,6.6286773681640625,7.908355712890625,1.5771726416259844,-1.0797163039956157,0.1827212206761811,19.1895681,72.8419702,-49.900001525878906,19.083999633789062,null,null,null,1540534875698
0,0,0,4.65252685546875,3.6687469482421875,7.25750732421875,1.5771726416259844,-1.0797163039956157,0.1827212206761811,19.1896063,72.8420088,-49.900001525878906,19.635000228881836,null,null,null,1540534878707
0,0,0,2.9153289794921875,5.5088348388671875,5.6375732421875,1.5771726416259844,-1.0797163039956157,0.1827212206761811,19.1896351,72.8420283,-49.900001525878906,20.413999557495117,null,null,null,1540534881734
-0.0009799003601074219,-0.0011096000671386719,0.0019011497497558594,3.6642913818359375,7.8418426513671875,6.465484619140625,1.5771726416259844,-1.0797163039956157,0.1827212206761811,19.1897344,72.8420129,null,19.93000030517578,null,null,null,1540534884705
0,0,0,0.5966949462890625,9.1602783203125,5.0967864990234375,1.5771726416259844,-1.0797163039956157,0.1827212206761811,19.1897915,72.8420144,-56.5,20.009000778198242,null,null,null,1540534887661
0,0,0,0.027191162109375,8.25579833984375,4.378936767578125,1.5771726416259844,-1.0797163039956157,0.1827212206761811,19.1898808,72.842065,-56.5,28.009000778198242,null,null,null,1540534890713
0,0,0,4.2696685791015625,6.2769317626953125,3.7496337890625,1.5771726416259844,-1.0797163039956157,0.1827212206761811,19.1899187,72.8420793,-56.5,28.775999069213867,null,null,null,1540534893742
0,0,0,3.5063629150390625,1.965057373046875,5.450927734375,1.5771726416259844,-1.0797163039956157,0.1827212206761811,19.1899412,72.8421118,-53.29999923706055,25.14299964904785,null,null,null,1540534895649
0,0,0,4.7075653076171875,4.3124237060546875,7.1713714599609375,1.5771726416259844,-1.0797163039956157,0.1827212206761811,19.1899724,72.8422062,-53.29999923706055,27.33300018310547,null,null,null,1540534899268
-0.0010186433792114258,-0.0013544559478759766,0.0007901191711425781,1.199676513671875,3.4677581787109375,7.4896087646484375,1.5771726416259844,-1.0797163039956157,0.1827212206761811,19.1899845,72.8422719,-53.29999923706055,23.58300018310547,null,null,null,1540534902722
-0.5610008239746094,-1.0621209144592285,-1.0815258026123047,3.8102569580078125,4.3172149658203125,6.2453460693359375,1.5771726416259844,-1.0797163039956157,0.1827212206761811,19.1899904,72.8423179,-53.29999923706055,22.847000122070312,null,null,null,1540534905656
0,0,0,6.2557220458984375,5.6548004150390625,7.9179229736328125,1.5771726416259844,-1.0797163039956157,0.1827212206761811,19.1900007,72.8423741,-56.70000076293945,21.415000915527344,null,null,null,1540534908701
0,0,0,4.0112457275390625,4.9943695068359375,5.7595977783203125,1.5771726416259844,-1.0797163039956157,0.1827212206761811,19.1899972,72.8423997,null,20.0049991607666,null,null,null,1540534911654
0,0,0,5.7938995361328125,2.139739990234375,6.783721923828125,1.5771726416259844,-1.0797163039956157,0.1827212206761811,19.1900194,72.8425792,null,19.027999877929688,null,null,null,1540534914897
-0.0007207728922367096,-0.0010223984718322754,0.00017976760864257812,-0.039794921875,0.9600830078125,5.3025665283203125,1.5771726416259844,-1.0797163039956157,0.1827212206761811,19.1900425,72.8427509,null,19.034000396728516,null,null,null,1540534917837
0,0,0,3.767181396484375,3.1064453125,2.8020782470703125,1.5771726416259844,-1.0797163039956157,0.1827212206761811,19.1900654,72.8428966,null,19.187999725341797,null,null,null,1540534920811
0,0,0,4.6860198974609375,5.3796234130859375,6.5851287841796875,1.5771726416259844,-1.0797163039956157,0.1827212206761811,19.1901157,72.8431217,null,19.9689998626709,null,null,null,1540534923868
0,0,0,6.5572052001953125,2.8886871337890625,7.121124267578125,1.5771726416259844,-1.0797163039956157,0.1827212206761811,19.1901552,72.8432911,null,19.520000457763672,null,null,null,1540534926935
-0.0009446144104003906,-0.0012038946151733398,0.0010404586791992188,5.1598052978515625,1.776031494140625,6.74066162109375,1.5771726416259844,-1.0797163039956157,0.1827212206761811,19.1901925,72.8433852,-53.099998474121094,20.19300079345703,null,null,null,1540534929951
0,0,0,5.174163818359375,4.01092529296875,6.9129486083984375,1.5771726416259844,-1.0797163039956157,0.1827212206761811,19.1902291,72.8435315,-53.099998474121094,19.8799991607666,null,null,null,1540534932906
-0.0008771419525146484,-0.0011728405952453613,0.0006399154663085938,3.7528228759765625,0.7519073486328125,6.522918701171875,1.5771726416259844,-1.0797163039956157,0.1827212206761811,19.1902533,72.8436479,-53.099998474121094,19.582000732421875,null,null,null,1540534935961
0,0,0,4.44195556640625,3.3863983154296875,5.245147705078125,1.5771726416259844,-1.0797163039956157,0.1827212206761811,19.1903081,72.8437862,-53.099998474121094,19.320999145507812,null,null,null,1540534938967
0,0,0,5.2004852294921875,3.7501068115234375,7.487213134765625,1.5771726416259844,-1.0797163039956157,0.1827212206761811,19.1903514,72.8439506,-53.099998474121094,19.69700050354004,null,null,null,1540534942017
-0.0010647773742675781,-0.0012583732604980469,0.0017571449279785156,5.762786865234375,5.02069091796875,7.087615966796875,1.5771726416259844,-1.0797163039956157,0.1827212206761811,19.1904167,72.8441451,-53.099998474121094,19.527999877929688,null,null,null,1540534944980
0,0,0,5.23876953125,4.8579864501953125,7.6834259033203125,1.5771726416259844,-1.0797163039956157,0.1827212206761811,19.1904734,72.8443005,-53.099998474121094,19.827999114990234,null,null,null,1540534947978
0,0,0,7.5837249755859375,6.4109344482421875,8.303176879882812,1.5771726416259844,-1.0797163039956157,0.1827212206761811,19.1905054,72.8444748,-53.099998474121094,19.625999450683594,null,null,null,1540534951063
0,0,0,1.1494293212890625,5.1858062744140625,2.560394287109375,1.5771726416259844,-1.0797163039956157,0.1827212206761811,19.1905598,72.8447186,-53.099998474121094,19.108999252319336,null,null,null,1540534953650
0,0,0,7.79669189453125,8.262969970703125,7.1833343505859375,1.5771726416259844,-1.0797163039956157,0.1827212206761811,19.1905552,72.8448263,-49.400001525878906,19.21299934387207,null,null,null,1540534956662
0.2404155731201172,3.0395171642303467,0.06304454803466797,6.212646484375,5.6835174560546875,7.38671875,1.5771726416259844,-1.0797163039956157,0.1827212206761811,19.1905783,72.8450152,-49.400001525878906,18.381999969482422,null,null,null,1540534959623
-0.0010576248168945312,-0.0012807846069335938,0.0015611648559570312,5.33209228515625,4.2478179931640625,7.0971832275390625,1.5771726416259844,-1.0797163039956157,0.1827212206761811,19.1906313,72.8451419,-49.400001525878906,18.974000930786133,null,null,null,1540534962557
0,0,0,5.8226165771484375,3.3337554931640625,8.932479858398438,1.5771726416259844,-1.0797163039956157,0.1827212206761811,19.1907118,72.8453262,-52.5,19.301000595092773,null,null,null,1540534965870
0,0,0,4.9205169677734375,2.6757354736328125,6.4224090576171875,1.5771726416259844,-1.0797163039956157,0.1827212206761811,19.1907603,72.8454363,-52.5,19.28499984741211,null,null,null,1540534968904
0,0,0,4.8917999267578125,3.9415283203125,6.5803375244140625,1.5771726416259844,-1.0797163039956157,0.1827212206761811,19.1907777,72.8454951,-52.5,19.461000442504883,null,null,null,1540534971886
0,0,0,6.652923583984375,3.6161041259765625,8.4993896484375,1.5771726416259844,-1.0797163039956157,0.1827212206761811,19.19076,72.8455224,null,19.731000900268555,null,null,null,1540534974631
-0.0009808540344238281,-0.0011916160583496094,0.0014238357543945312,4.8678741455078125,4.3507080078125,6.9918975830078125,1.5771726416259844,-1.0797163039956157,0.1827212206761811,19.1907802,72.8455457,null,19.95199966430664,null,null,null,1540534977656
0,0,0,5.1837310791015625,4.2526092529296875,7.1785430908203125,1.5771726416259844,-1.0797163039956157,0.1827212206761811,19.190772,72.8455674,null,20.58099937438965,null,null,null,1540534980619
0,0,0,5.3727569580078125,1.5965728759765625,6.33148193359375,1.5771726416259844,-1.0797163039956157,0.1827212206761811,19.1907619,72.8455939,null,21.111000061035156,null,null,null,1540534983861
-0.0006260871887207031,-0.0008178949356079102,0.0005707740783691406,2.869873046875,0.931365966796875,4.481842041015625,1.5771726416259844,-1.0797163039956157,0.1827212206761811,19.1907653,72.8455812,null,21.3700008392334,null,null,null,1540534987072
0,0,0,5.8417510986328125,0.96246337890625,7.003875732421875,1.5771726416259844,-1.0797163039956157,0.1827212206761811,19.1907886,72.8457313,-53.29999923706055,20.767000198364258,null,null,null,1540534989740
-0.001373291015625,-0.0016775131225585938,0.0019407272338867188,7.0884246826171875,5.13555908203125,9.454116821289062,1.5771726416259844,-1.0797163039956157,0.1827212206761811,19.1907921,72.8458543,-53.29999923706055,21.95599937438965,null,null,null,1540534992878
-0.0009932518005371094,-0.0012836456298828125,0.0009889602661132812,4.434783935546875,1.9387359619140625,6.970367431640625,1.5771726416259844,-1.0797163039956157,0.1827212206761811,19.1908305,72.8461186,-53.29999923706055,21.295000076293945,null,null,null,1540534995959
0,0,0,3.286224365234375,2.891082763671875,4.7833251953125,1.5771726416259844,-1.0797163039956157,0.1827212206761811,19.1908558,72.8463451,-52.70000076293945,21.054000854492188,null,null,null,1540534999050
0,0,0,0.85272216796875,8.880325317382812,3.86688232421875,1.5771726416259844,-1.0797163039956157,0.1827212206761811,19.1908762,72.8465901,-52.70000076293945,20.357999801635742,null,null,null,1540535001991
-0.25592243671417236,0.32468223571777344,-0.05898571014404297,1.3001861572265625,8.473541259765625,4.2305908203125,1.5771726416259844,-1.0797163039956157,0.1827212206761811,19.1908785,72.8466988,null,20.606000900268555,null,null,null,1540535005038
0,0,0,1.350433349609375,8.720001220703125,4.5871124267578125,1.5771726416259844,-1.0797163039956157,0.1827212206761811,19.1908394,72.846785,null,20.650999069213867,null,null,null,1540535007997
0,0,0,1.269073486328125,8.107437133789062,3.19927978515625,1.5771726416259844,-1.0797163039956157,0.1827212206761811,19.1907975,72.8468545,null,20.993999481201172,null,null,null,1540535010990
0,0,0,2.6090545654296875,6.714813232421875,5.7691802978515625,1.5771726416259844,-1.0797163039956157,0.1827212206761811,19.1908533,72.8468661,-52.70000076293945,20.486000061035156,null,null,null,1540535013983
0,0,0,2.5205230712890625,7.6145172119140625,5.4317779541015625,1.5771726416259844,-1.0797163039956157,0.1827212206761811,19.1909023,72.8468823,-52.70000076293945,21.476999282836914,null,null,null,1540535016928
0,0,0,1.041748046875,7.1335601806640625,4.7235107421875,1.5771726416259844,-1.0797163039956157,0.1827212206761811,19.1909992,72.8468858,-52.70000076293945,28.283000946044922,null,null,null,1540535019987
0,0,0,4.73388671875,2.668548583984375,5.6471405029296875,1.5771726416259844,-1.0797163039956157,0.1827212206761811,19.1909731,72.8469164,-52.70000076293945,27.469999313354492,null,null,null,1540535022924
-0.0008492469787597656,-0.0010161399841308594,0.0013260841369628906,4.1237030029296875,3.864959716796875,5.60406494140625,1.5771726416259844,-1.0797163039956157,0.1827212206761811,19.1909308,72.8469175,-52.70000076293945,27.069000244140625,null,null,null,1540535025912
0,0,0,7.028594970703125,6.18121337890625,9.389511108398438,1.5771726416259844,-1.0797163039956157,0.1827212206761811,19.1907838,72.8468956,null,26.92799949645996,null,null,null,1540535029051
0,0,0,6.1863250732421875,3.8912811279296875,7.2144317626953125,1.5771726416259844,-1.0797163039956157,0.1827212206761811,19.190609,72.8468633,null,27.573999404907227,null,null,null,1540535032048
0,0,0,2.57794189453125,2.022491455078125,4.7330780029296875,1.5771726416259844,-1.0797163039956157,0.1827212206761811,19.190452,72.84681,null,27.45599937438965,null,null,null,1540535035116
0,0,0,5.152618408203125,7.9207916259765625,6.4630889892578125,1.5771726416259844,-1.0797163039956157,0.1827212206761811,19.1903697,72.8467816,null,28.44099998474121,null,null,null,1540535038011
1.2115834951400757,-0.9579830169677734,-0.04454469680786133,3.0565185546875,7.3441314697265625,4.8910064697265625,1.5771726416259844,-1.0797163039956157,0.1827212206761811,19.1903474,72.846762,null,28.86199951171875,null,null,null,1540535040999
0,0,0,5.0377655029296875,1.6515960693359375,5.1326751708984375,1.5771726416259844,-1.0797163039956157,0.1827212206761811,19.1901855,72.8467413,null,27.323999404907227,null,null,null,1540535043943
-0.0010423660278320312,-0.001209259033203125,0.0018544197082519531,9.08642578125,3.1877899169921875,7.1881103515625,1.5771726416259844,-1.0797163039956157,0.1827212206761811,19.1901161,72.8467265,null,27.054000854492188,null,null,null,1540535046961
-0.0006899833679199219,-0.0008600950241088867,0.0008721351623535156,5.164581298828125,1.330963134765625,5.398284912109375,1.5771726416259844,-1.0797163039956157,0.1827212206761811,19.1900833,72.8467119,null,32.733001708984375,null,null,null,1540535050030
-0.0008568763732910156,-0.0010139942169189453,0.0014052391052246094,5.0377655029296875,3.501251220703125,5.5992889404296875,1.5771726416259844,-1.0797163039956157,0.1827212206761811,19.1899818,72.846762,null,34.70600128173828,null,null,null,1540535052917
-0.0010561943054199219,-0.0012116432189941406,0.001956939697265625,6.887420654296875,5.3269805908203125,7.015838623046875,1.5771726416259844,-1.0797163039956157,0.1827212206761811,19.1899153,72.8467277,null,34.459999084472656,null,null,null,1540535055947
0,0,0,6.382537841796875,3.065765380859375,7.346038818359375,1.5771726416259844,-1.0797163039956157,0.1827212206761811,19.1899172,72.8468867,-53.400001525878906,27.966999053955078,null,null,null,1540535058944
0,0,0,4.5807342529296875,3.465362548828125,6.9440460205078125,1.5771726416259844,-1.0797163039956157,0.1827212206761811,19.1899151,72.8472576,-53.400001525878906,26.854999542236328,null,null,null,1540535061836
0,0,0,2.6090545654296875,3.0920867919921875,6.2142333984375,1.5771726416259844,-1.0797163039956157,0.1827212206761811,19.1898699,72.8477045,-53.400001525878906,23.663000106811523,null,null,null,1540535064908
0,0,0,4.74822998046875,1.88848876953125,5.458099365234375,1.5771726416259844,-1.0797163039956157,0.1827212206761811,19.1898374,72.8479543,-53.400001525878906,21.889999389648438,null,null,null,1540535067962
0,0,0,9.584136962890625,2.0296630859375,7.49200439453125,1.5771726416259844,-1.0797163039956157,0.1827212206761811,19.1897308,72.8480893,-53.400001525878906,21.61199951171875,null,null,null,1540535071013
0,0,0,6.499786376953125,1.9459228515625,8.197891235351562,1.5771726416259844,-1.0797163039956157,0.1827212206761811,19.1895868,72.8482396,-53.400001525878906,20.60099983215332,null,null,null,1540535073991
0,0,0,6.511749267578125,5.693084716796875,6.759796142578125,1.5771726416259844,-1.0797163039956157,0.1827212206761811,19.1894896,72.8483091,null,19.621000289916992,null,null,null,1540535076882
0,0,0,6.60028076171875,3.1160125732421875,7.0971832275390625,1.5771726416259844,-1.0797163039956157,0.1827212206761811,19.1894455,72.8483333,null,19.731000900268555,null,null,null,1540535079859
0,0,0,5.116729736328125,4.6833038330078125,6.376953125,1.5771726416259844,-1.0797163039956157,0.1827212206761811,19.1894136,72.8483887,null,20.180999755859375,null,null,null,1540535082858
-0.0009927749633789062,-0.001186370849609375,0.001560211181640625,4.9037628173828125,4.743133544921875,6.7263031005859375,1.5771726416259844,-1.0797163039956157,0.1827212206761811,19.1893985,72.8485088,null,21.736000061035156,null,null,null,1540535085816
-0.0012111663818359375,-0.0015385150909423828,0.0013637542724609375,7.6698760986328125,1.646820068359375,8.671661376953125,1.5771726416259844,-1.0797163039956157,0.1827212206761811,19.1893815,72.8490604,null,22.39900016784668,null,null,null,1540535088939
0,0,0,3.2599029541015625,4.04443359375,5.2164306640625,1.5771726416259844,-1.0797163039956157,0.1827212206761811,19.1893754,72.8497593,-35,12.031999588012695,null,null,0,1540535095000
0,0,0,5.5713653564453125,3.2045440673828125,6.652130126953125,1.5771726416259844,-1.0797163039956157,0.1827212206761811,19.1893746,72.8498425,-35,18.003000259399414,null,null,null,1540535097953
-0.0012221336364746094,-0.0015418529510498047,0.0014352798461914062,7.356414794921875,1.8143157958984375,8.214630126953125,1.5771726416259844,-1.0797163039956157,0.1827212206761811,19.1893743,72.8498659,-35,20.363000869750977,null,null,null,1540535099853
0,0,0,10.431198120117188,4.520599365234375,10.81085205078125,1.5771726416259844,-1.0797163039956157,0.1827212206761811,19.1893019,72.8498682,null,17.874000549316406,null,null,null,1540535103684
-0.0009779930114746094,-0.0011758804321289062,0.0014929771423339844,4.37017822265625,5.2863006591796875,7.027801513671875,1.5771726416259844,-1.0797163039956157,0.1827212206761811,19.189167,72.8498537,null,18.416000366210938,null,null,null,1540535107051
0,0,0,4.6549224853515625,3.4366455078125,5.7356719970703125,1.5771726416259844,-1.0797163039956157,0.1827212206761811,19.1890729,72.8498459,null,18.85700035095215,null,null,null,1540535109948
0,0,0,5.7101593017578125,3.2691497802734375,5.88641357421875,1.5771726416259844,-1.0797163039956157,0.1827212206761811,19.1890094,72.8498406,null,19.030000686645508,null,null,null,1540535112967
0,0,0,6.2628936767578125,9.947525024414062,6.1568145751953125,1.5771726416259844,-1.0797163039956157,0.1827212206761811,19.188808,72.8498421,null,18.773000717163086,null,null,null,1540535115771
0,0,0,6.4279937744140625,3.34332275390625,6.618621826171875,1.5771726416259844,-1.0797163039956157,0.1827212206761811,19.1885862,72.8498468,-51.5,19.020000457763672,null,null,null,1540535118875
-0.0009207725524902344,-0.0010294914245605469,0.0018672943115234375,4.166778564453125,6.7291717529296875,5.7643890380859375,1.5771726416259844,-1.0797163039956157,0.1827212206761811,19.1883536,72.8498386,null,21.104999542236328,null,null,null,1540535121967
0,0,0,1.6136322021484375,7.8944854736328125,4.3932952880859375,1.5771726416259844,-1.0797163039956157,0.1827212206761811,19.1882667,72.849827,null,24.733999252319336,null,null,null,1540535124933
0,0,0,0.7211151123046875,8.463973999023438,3.97454833984375,1.5771726416259844,-1.0797163039956157,0.1827212206761811,19.1880984,72.849845,null,26.888999938964844,null,null,null,1540535133844
0,0,0,2.4630889892578125,8.026077270507812,4.7952880859375,1.5771726416259844,-1.0797163039956157,0.1827212206761811,19.1880249,72.8498519,null,24.74799919128418,null,null,null,1540535136911
0,0,0,1.1446533203125,8.806137084960938,3.6826324462890625,1.5771726416259844,-1.0797163039956157,0.1827212206761811,19.1879871,72.8498611,null,22.881000518798828,null,null,null,1540535139915
0,0,0,0.57275390625,7.9542999267578125,4.008056640625,1.5771726416259844,-1.0797163039956157,0.1827212206761811,19.1879476,72.8499093,null,21.66699981689453,null,null,null,1540535142924
-0.0008016824722290039,-0.0008563995361328125,0.0018591880798339844,1.4724578857421875,8.368255615234375,4.4914093017578125,1.5771726416259844,-1.0797163039956157,0.1827212206761811,19.1878882,72.8499337,-52,20.27899932861328,null,null,null,1540535145949
0,0,0,1.738067626953125,7.6599884033203125,5.350433349609375,1.5771726416259844,-1.0797163039956157,0.1827212206761811,19.1878339,72.8499213,null,19.542999267578125,null,null,null,1540535148971
0,0,0,3.087615966796875,7.99737548828125,4.869476318359375,1.5771726416259844,-1.0797163039956157,0.1827212206761811,19.1878072,72.849933,null,19.639999389648438,null,null,null,1540535151975
0,0,0,2.2118377685546875,7.32977294921875,4.1181182861328125,1.5771726416259844,-1.0797163039956157,0.1827212206761811,19.1878068,72.8499459,null,20.413999557495117,null,null,null,1540535154916
0,0,0,1.3600006103515625,9.01910400390625,3.7352752685546875,1.5771726416259844,-1.0797163039956157,0.1827212206761811,19.1877815,72.8499313,null,20.459999084472656,null,null,null,1540535157989
0,0,0,1.6351776123046875,6.9158172607421875,4.378936767578125,1.5771726416259844,-1.0797163039956157,0.1827212206761811,19.1877721,72.8500004,null,20.20599937438965,null,null,null,1540535160946
0,0,0,1.6184234619140625,8.418502807617188,3.462493896484375,1.5771726416259844,-1.0797163039956157,0.1827212206761811,19.1877404,72.8500195,null,20.093000411987305,null,null,null,1540535163908
0,0,0,1.7356719970703125,8.239044189453125,4.40765380859375,1.5771726416259844,-1.0797163039956157,0.1827212206761811,19.1877305,72.8500402,null,20.469999313354492,null,null,null,1540535166900
0,0,0,1.5059661865234375,8.435256958007812,4.4387664794921875,1.5771726416259844,-1.0797163039956157,0.1827212206761811,19.1877438,72.8500885,null,20.42300033569336,null,null,null,1540535169989
0,0,0,1.34564208984375,8.251007080078125,4.2569122314453125,1.5771726416259844,-1.0797163039956157,0.1827212206761811,19.1877709,72.8501303,null,20.156999588012695,null,null,null,1540535172974
-0.0008031129837036133,-0.0008649826049804688,0.0018239021301269531,1.0728607177734375,8.492691040039062,4.4985809326171875,1.5771726416259844,-1.0797163039956157,0.1827212206761811,19.1877787,72.8501147,null,21.139999389648438,null,null,null,1540535175961
0,0,0,1.62799072265625,8.430465698242188,4.1827239990234375,1.5771726416259844,-1.0797163039956157,0.1827212206761811,19.1877843,72.8500997,null,21.951000213623047,null,null,null,1540535178956
0,0,0,2.2405548095703125,7.6312713623046875,4.436370849609375,1.5771726416259844,-1.0797163039956157,0.1827212206761811,19.1877789,72.8500979,null,21.31800079345703,null,null,null,1540535181953
-0.0007850527763366699,-0.0008535385131835938,0.0017313957214355469,0.857513427734375,9.105239868164062,4.8790435791015625,1.5771726416259844,-1.0797163039956157,0.1827212206761811,19.1877716,72.8500993,null,21.39299964904785,null,null,null,1540535184951
0,0,0,2.3697662353515625,7.7389373779296875,4.096588134765625,1.5771726416259844,-1.0797163039956157,0.1827212206761811,19.1877551,72.8501033,null,21.85099983215332,null,null,null,1540535187873
-0.2718903422355652,-0.023073196411132812,-0.09884214401245117,0.57275390625,8.542938232421875,4.130096435546875,1.5771726416259844,-1.0797163039956157,0.1827212206761811,19.1877245,72.8501017,null,22.815000534057617,null,null,null,1540535190970
0,0,0,0.6493377685546875,7.999755859375,3.7615966796875,1.5771726416259844,-1.0797163039956157,0.1827212206761811,19.1877079,72.8501033,null,23.764999389648438,null,null,null,1540535193944
0,0,0,1.498779296875,8.083511352539062,4.670867919921875,1.5771726416259844,-1.0797163039956157,0.1827212206761811,19.1876789,72.8500929,null,24.927000045776367,null,null,null,1540535196942
0,0,0,0.273651123046875,8.51422119140625,4.048736572265625,1.5771726416259844,-1.0797163039956157,0.1827212206761811,19.1876552,72.8500741,null,23.392000198364258,null,null,null,1540535199942
0.11560606956481934,-0.8559370040893555,-0.6919655799865723,2.90576171875,7.7796173095703125,4.2856292724609375,1.5771726416259844,-1.0797163039956157,0.1827212206761811,19.1875812,72.8500774,null,27.4689998626709,null,null,null,1540535203151
-0.0007991790771484375,-0.0009794235229492188,0.0011115074157714844,3.99688720703125,2.8863067626953125,5.4174346923828125,1.5771726416259844,-1.0797163039956157,0.1827212206761811,19.1874751,72.8500344,-50.20000076293945,26.2549991607666,null,null,null,1540535205989
0,0,0,6.3729705810546875,3.7190093994140625,5.960601806640625,1.5771726416259844,-1.0797163039956157,0.1827212206761811,19.1873937,72.8500058,-50.20000076293945,28.385000228881836,null,null,null,1540535208942
0,0,0,5.116729736328125,3.876922607421875,5.6878204345703125,1.5771726416259844,-1.0797163039956157,0.1827212206761811,19.1872363,72.8500576,-50.20000076293945,33.83000183105469,null,null,null,1540535211948
0,0,0,4.9970855712890625,4.709625244140625,6.2046661376953125,1.5771726416259844,-1.0797163039956157,0.1827212206761811,19.1872239,72.8500711,-50.20000076293945,33.9630012512207,null,null,null,1540535214891
0,0,0,6.3801422119140625,3.393585205078125,5.931884765625,1.5771726416259844,-1.0797163039956157,0.1827212206761811,19.1871854,72.8500837,-50.20000076293945,34.6150016784668,null,null,null,1540535217955
0,0,0,1.32171630859375,8.463973999023438,4.091796875,1.5771726416259844,-1.0797163039956157,0.1827212206761811,19.1871609,72.8501,-50.20000076293945,32.16999816894531,null,null,null,1540535220917
0,0,0,1.87445068359375,8.47833251953125,4.1994781494140625,1.5771726416259844,-1.0797163039956157,0.1827212206761811,19.1871358,72.8501505,-50.20000076293945,32.46699905395508,null,null,null,1540535223922
-0.17616569995880127,-0.15546941757202148,-0.06054830551147461,1.6854248046875,7.7652587890625,4.1923065185546875,1.5771726416259844,-1.0797163039956157,0.1827212206761811,19.1870706,72.8501141,null,33.810001373291016,null,null,null,1540535226982
0,0,0,2.1041717529296875,7.88250732421875,4.400482177734375,1.5771726416259844,-1.0797163039956157,0.1827212206761811,19.1871046,72.8501489,null,35.84199905395508,null,null,null,1540535229939
0,0,0,2.1998748779296875,8.346725463867188,4.493804931640625,1.5771726416259844,-1.0797163039956157,0.1827212206761811,19.187103,72.8501549,null,33.99700164794922,null,null,null,1540535232910
0,0,0,2.4678802490234375,7.87054443359375,4.2928009033203125,1.5771726416259844,-1.0797163039956157,0.1827212206761811,19.1871066,72.8501329,null,36.22100067138672,null,null,null,1540535235999
-0.0006487369537353516,-0.000637054443359375,0.001836538314819336,2.2979888916015625,8.578826904296875,3.7879180908203125,1.5771726416259844,-1.0797163039956157,0.1827212206761811,19.1871101,72.8501057,null,36.452999114990234,null,null,null,1540535238957
0.19559253752231598,-0.13305187225341797,0.16430211067199707,0.0511322021484375,8.825286865234375,3.83099365234375,1.5771726416259844,-1.0797163039956157,0.1827212206761811,19.1871039,72.8500647,null,36.183998107910156,null,null,null,1540535241623
-0.0006699562072753906,-0.00064849853515625,0.0019495487213134766,3.3723602294921875,8.207931518554688,3.89080810546875,1.5771726416259844,-1.0797163039956157,0.1827212206761811,19.1870994,72.8500437,null,31.104000091552734,null,null,null,1540535244333
0,0,0,2.22381591796875,8.052398681640625,4.2066650390625,1.5771726416259844,-1.0797163039956157,0.1827212206761811,19.187122,72.8500603,null,27.29400062561035,null,null,null,1540535253729
0,0,0,1.87445068359375,8.050018310546875,4.3980865478515625,1.5771726416259844,-1.0797163039956157,0.1827212206761811,19.1870873,72.8500899,null,23.49799919128418,null,null,null,1540535256991
0,0,0,0.8096466064453125,8.911422729492188,3.35003662109375,1.5771726416259844,-1.0797163039956157,0.1827212206761811,19.1870551,72.8501034,null,25.996999740600586,null,null,null,1540535259391
0,0,0,1.596893310546875,8.172042846679688,4.1827239990234375,1.5771726416259844,-1.0797163039956157,0.1827212206761811,19.1870473,72.8500919,null,31.267000198364258,null,null,null,1540535262817
-0.0008174777030944824,-0.0008907318115234375,0.0017933845520019531,0.5201263427734375,8.6912841796875,4.553619384765625,1.5771726416259844,-1.0797163039956157,0.1827212206761811,19.1870489,72.8500606,null,35.117000579833984,null,null,null,1540535265283
0,0,0,-0.5925445556640625,8.698471069335938,3.5175323486328125,1.5771726416259844,-1.0797163039956157,0.1827212206761811,19.1870509,72.8500303,null,38.86000061035156,null,null,null,1540535268228
-0.5784423351287842,-0.3951082229614258,-0.969545841217041,2.278839111328125,8.11700439453125,4.986724853515625,1.5771726416259844,-1.0797163039956157,0.1827212206761811,19.1870357,72.8498575,null,73.12999725341797,null,null,null,1540535271246
0,0,0,0.69000244140625,8.334762573242188,4.4339752197265625,1.5771726416259844,-1.0797163039956157,0.1827212206761811,19.1869582,72.8498372,null,80.94100189208984,null,null,null,1540535274202
0,0,0,1.017822265625,8.31561279296875,4.0056610107421875,1.5771726416259844,-1.0797163039956157,0.1827212206761811,19.1869274,72.8497636,null,77.802001953125,null,null,null,1540535277252
-0.0007367134094238281,-0.0007810592651367188,0.0017409324645996094,0.87664794921875,8.282119750976562,4.08941650390625,1.5771726416259844,-1.0797163039956157,0.1827212206761811,19.1868942,72.8495899,null,51.34700012207031,null,null,null,1540535280262
0,0,0,0.694793701171875,8.320404052734375,4.4985809326171875,1.5771726416259844,-1.0797163039956157,0.1827212206761811,19.186828,72.8495768,null,46.89699935913086,null,null,null,1540535283286
-0.10442841053009033,-0.02633380889892578,-0.1116647720336914,0.993896484375,8.109832763671875,4.5009765625,1.5771726416259844,-1.0797163039956157,0.1827212206761811,19.1867957,72.8495842,null,46.80699920654297,null,null,null,1540535286287
0,0,0,1.522705078125,8.018905639648438,4.55841064453125,1.5771726416259844,-1.0797163039956157,0.1827212206761811,19.1867453,72.8496014,null,47.58300018310547,null,null,null,1540535289315
0,0,0,6.466278076171875,3.8362579345703125,7.1282958984375,1.5771726416259844,-1.0797163039956157,0.1827212206761811,19.1865091,72.8498591,null,29.93400001525879,null,null,null,1540535292149
-0.0009951591491699219,-0.0011401176452636719,0.001850128173828125,7.308563232421875,4.4105224609375,6.6473388671875,1.5771726416259844,-1.0797163039956157,0.1827212206761811,19.1864288,72.8499965,null,23.929000854492188,null,null,null,1540535295295
0,0,0,4.0926055908203125,3.7261810302734375,5.0130462646484375,1.5771726416259844,-1.0797163039956157,0.1827212206761811,19.186379,72.8500803,null,21.7189998626709,null,null,null,1540535298329
0,0,0,6.82281494140625,3.441436767578125,5.620819091796875,1.5771726416259844,-1.0797163039956157,0.1827212206761811,19.1863335,72.8500896,null,21.400999069213867,null,null,null,1540535301329
0,0,0,6.3753509521484375,3.5921783447265625,6.219024658203125,1.5771726416259844,-1.0797163039956157,0.1827212206761811,19.186251,72.8501238,null,19.433000564575195,null,null,null,1540535304315
0,0,0,6.7151336669921875,4.8747406005859375,6.6449432373046875,1.5771726416259844,-1.0797163039956157,0.1827212206761811,19.1862258,72.8501372,null,19.424999237060547,null,null,null,1540535307291
0,0,0,6.8850250244140625,3.0753326416015625,6.9296875,1.5771726416259844,-1.0797163039956157,0.1827212206761811,19.1862073,72.8501422,null,19.672000885009766,null,null,null,1540535310285
0,0,0,6.75341796875,3.92718505859375,7.063690185546875,1.5771726416259844,-1.0797163039956157,0.1827212206761811,19.186177,72.8501578,null,19.882999420166016,null,null,null,1540535313258
-0.0008301734924316406,-0.0009789466857910156,0.0013813972473144531,5.08563232421875,4.1305694580078125,5.984527587890625,1.5771726416259844,-1.0797163039956157,0.1827212206761811,19.1861565,72.8501524,null,19.908000946044922,null,null,null,1540535316377
0,0,0,7.8397674560546875,5.259979248046875,7.2311859130859375,1.5771726416259844,-1.0797163039956157,0.1827212206761811,19.1859696,72.8501756,null,19.031999588012695,null,null,null,1540535319340
0,0,0,6.8204193115234375,5.0996551513671875,7.4465484619140625,1.5771726416259844,-1.0797163039956157,0.1827212206761811,19.1857852,72.8501736,null,18.902999877929688,null,null,null,1540535322200
-0.00091552734375,-0.0010943412780761719,0.0014362335205078125,5.5809326171875,3.6567840576171875,6.34344482421875,1.5771726416259844,-1.0797163039956157,0.1827212206761811,19.1855472,72.850171,null,19.05500030517578,null,null,null,1540535325294
0,0,0,6.851531982421875,4.1784210205078125,7.1952972412109375,1.5771726416259844,-1.0797163039956157,0.1827212206761811,19.1853658,72.85018,null,18.790000915527344,null,null,null,1540535328330
0,0,0,6.5859222412109375,3.2643585205078125,6.372161865234375,1.5771726416259844,-1.0797163039956157,0.1827212206761811,19.1853,72.8501806,null,19.34600067138672,null,null,null,1540535331317
0,0,0,4.3749542236328125,2.2354583740234375,5.1422576904296875,1.5771726416259844,-1.0797163039956157,0.1827212206761811,19.1851224,72.8501723,-43.20000076293945,22.57200050354004,null,null,null,1540535334300
0,0,0,4.4874267578125,4.7479095458984375,5.3647918701171875,1.5771726416259844,-1.0797163039956157,0.1827212206761811,19.1849357,72.85015,-43.20000076293945,25.093000411987305,null,null,null,1540535343214
0,0,0,6.710357666015625,3.3265838623046875,5.9940948486328125,1.5771726416259844,-1.0797163039956157,0.1827212206761811,19.1848441,72.8501474,-43.20000076293945,24.690000534057617,null,null,null,1540535346289
0,0,0,5.8154296875,6.2530059814453125,6.74066162109375,1.5771726416259844,-1.0797163039956157,0.1827212206761811,19.1848267,72.8501543,-43.20000076293945,31.34000015258789,null,null,null,1540535349264
0,0,0,8.74664306640625,4.568450927734375,7.4345703125,1.5771726416259844,-1.0797163039956157,0.1827212206761811,19.1843634,72.8500963,-43.70000076293945,23.277999877929688,null,null,null,1540535352317
-0.0009412765502929688,-0.0010943412780761719,0.0016579627990722656,6.9257049560546875,4.4823150634765625,6.889007568359375,1.5771726416259844,-1.0797163039956157,0.1827212206761811,19.1842056,72.8500763,-43.70000076293945,22.285999298095703,null,null,null,1540535355177
-0.0008797645568847656,-0.0010237693786621094,0.0015435218811035156,4.7578125,5.3006591796875,6.2285919189453125,1.5771726416259844,-1.0797163039956157,0.1827212206761811,19.1841104,72.8500632,-43.70000076293945,21.32900047302246,null,null,null,1540535358264
0,0,0,4.8200225830078125,2.9796142578125,5.5657806396484375,1.5771726416259844,-1.0797163039956157,0.1827212206761811,19.1840505,72.8500671,-43.70000076293945,21.547000885009766,null,null,null,1540535361403
0,0,0,5.9996795654296875,3.5921783447265625,6.6042633056640625,1.5771726416259844,-1.0797163039956157,0.1827212206761811,19.1839906,72.8500646,-43.900001525878906,20.981000900268555,null,null,null,1540535364402
0,0,0,5.36798095703125,3.994171142578125,5.326507568359375,1.5771726416259844,-1.0797163039956157,0.1827212206761811,19.1838482,72.8500706,-44,20.673999786376953,null,null,null,1540535367309
0,0,0,5.2842254638671875,3.094482421875,5.4892120361328125,1.5771726416259844,-1.0797163039956157,0.1827212206761811,19.1836598,72.8500739,null,21.179000854492188,null,null,null,1540535370364
0,0,0,6.8730621337890625,4.8053436279296875,7.5614013671875,1.5771726416259844,-1.0797163039956157,0.1827212206761811,19.1835423,72.8500501,null,20.422000885009766,null,null,null,1540535373328
0,0,0,6.36578369140625,3.7142181396484375,6.4846343994140625,1.5771726416259844,-1.0797163039956157,0.1827212206761811,19.1832855,72.8500768,-53,17.996999740600586,null,null,null,1540535382000
0,0,0,3.9992828369140625,4.8508148193359375,5.668670654296875,1.5771726416259844,-1.0797163039956157,0.1827212206761811,19.1830307,72.8501033,-53,30.60300064086914,null,null,null,1540535385259
0,0,0,5.1598052978515625,6.15728759765625,6.4248046875,1.5771726416259844,-1.0797163039956157,0.1827212206761811,19.182986,72.850108,-53,33.867000579833984,null,null,null,1540535388313
0,0,0,6.3729705810546875,4.8173065185546875,6.412841796875,1.5771726416259844,-1.0797163039956157,0.1827212206761811,19.1825633,72.8500431,null,21.53700065612793,null,null,null,1540535391360
0,0,0,4.2266082763671875,3.58740234375,4.7211151123046875,1.5771726416259844,-1.0797163039956157,0.1827212206761811,19.1824421,72.8500366,null,21.788000106811523,null,null,null,1540535394329
0,0,0,4.6022796630859375,3.7429351806640625,5.77874755859375,1.5771726416259844,-1.0797163039956157,0.1827212206761811,19.1822899,72.8500297,null,21.797000885009766,null,null,null,1540535397265
0,0,0,7.1123504638671875,6.537750244140625,7.5350799560546875,1.5771726416259844,-1.0797163039956157,0.1827212206761811,19.1817599,72.8501899,-74,15.54800033569336,null,null,null,1540535405000
0,0,0,4.4275970458984375,3.8553924560546875,6.137664794921875,1.5771726416259844,-1.0797163039956157,0.1827212206761811,19.1815564,72.8502588,-74,20.670000076293945,null,null,null,1540535406637
0,0,0,5.0999755859375,5.987396240234375,6.113739013671875,1.5771726416259844,-1.0797163039956157,0.1827212206761811,19.1815362,72.8502657,-74,23.163000106811523,null,null,null,1540535409354
0,0,0,5.561798095703125,4.5349578857421875,4.9484405517578125,1.5771726416259844,-1.0797163039956157,0.1827212206761811,19.1813621,72.8501933,null,18.357999801635742,null,null,null,1540535412247
-0.000677451491355896,-0.0007038116455078125,0.001688241958618164,0.2186279296875,8.389785766601562,3.5869140625,1.5771726416259844,-1.0797163039956157,0.1827212206761811,19.1812203,72.8501827,null,20.256999969482422,null,null,null,1540535415384
0,0,0,0.6397552490234375,8.676925659179688,3.1322784423828125,1.5771726416259844,-1.0797163039956157,0.1827212206761811,19.1811201,72.8501485,null,21.451000213623047,null,null,null,1540535418363
0,0,0,2.2118377685546875,6.1884002685546875,4.2401580810546875,1.5771726416259844,-1.0797163039956157,0.1827212206761811,19.180981,72.8500796,null,21.301000595092773,null,null,null,1540535421401
0,0,0,1.8122406005859375,8.46875,4.8335723876953125,1.5771726416259844,-1.0797163039956157,0.1827212206761811,19.1809409,72.850086,null,21.235000610351562,null,null,null,1540535424371
0,0,0,6.8730621337890625,2.948516845703125,6.6258087158203125,1.5771726416259844,-1.0797163039956157,0.1827212206761811,19.1809,72.8501096,null,20.329999923706055,null,null,null,1540535427415
0,0,0,2.8603057861328125,4.49188232421875,4.1683807373046875,1.5771726416259844,-1.0797163039956157,0.1827212206761811,19.1808566,72.8501013,null,19.67799949645996,null,null,null,1540535430864
0,0,0,6.32989501953125,4.932159423828125,6.185516357421875,1.5771726416259844,-1.0797163039956157,0.1827212206761811,19.1808187,72.8501053,-49.20000076293945,20.302000045776367,null,null,null,1540535433893
0,0,0,6.6840362548828125,3.5634613037109375,6.534881591796875,1.5771726416259844,-1.0797163039956157,0.1827212206761811,19.1807603,72.8501059,-49.20000076293945,20.207000732421875,null,null,null,1540535436899
0,0,0,6.6026763916015625,3.7022552490234375,6.0276031494140625,1.5771726416259844,-1.0797163039956157,0.1827212206761811,19.1806269,72.8500787,-49.20000076293945,19.386999130249023,null,null,null,1540535439838
0,0,0,5.6886138916015625,5.0470123291015625,8.444351196289062,1.5771726416259844,-1.0797163039956157,0.1827212206761811,19.1805194,72.8500757,-49.20000076293945,19.429000854492188,null,null,null,1540535442876
0,0,0,6.090606689453125,5.2982635498046875,7.07086181640625,1.5771726416259844,-1.0797163039956157,0.1827212206761811,19.180327,72.8500796,-49.20000076293945,19.36199951171875,null,null,null,1540535445883
0,0,0,7.040557861328125,1.18499755859375,6.412841796875,1.5771726416259844,-1.0797163039956157,0.1827212206761811,19.1791831,72.8497899,-49,38.59199905395508,null,184,6.389999866485596,1540535456000
0,0,0,6.8036651611328125,1.6970672607421875,7.2144317626953125,1.5771726416259844,-1.0797163039956157,0.1827212206761811,19.1791831,72.8497899,-49,48.165000915527344,null,null,null,1540535457274
0,0,0,5.513946533203125,5.6548004150390625,7.602081298828125,1.5771726416259844,-1.0797163039956157,0.1827212206761811,19.1791831,72.8497899,-49,48.992000579833984,null,null,null,1540535460370
0,0,0,1.410247802734375,1.718597412109375,4.142059326171875,1.5771726416259844,-1.0797163039956157,0.1827212206761811,19.1791831,72.8497899,-49,52.92300033569336,null,null,null,1540535463350
0,0,0,6.1695709228515625,3.23565673828125,4.8144378662109375,1.5771726416259844,-1.0797163039956157,0.1827212206761811,19.1789861,72.8500196,-48.79999923706055,25.70599937438965,null,null,null,1540535466438
-0.0009226799011230469,-0.0010886192321777344,0.0015306472778320312,5.655120849609375,3.8506011962890625,6.1472320556640625,1.5771726416259844,-1.0797163039956157,0.1827212206761811,19.1788885,72.8500748,-48.79999923706055,30.542999267578125,null,null,null,1540535470195
-0.0008373260498046875,-0.001054525375366211,0.0009965896606445312,4.2816314697265625,2.3024444580078125,6.0347747802734375,1.5771726416259844,-1.0797163039956157,0.1827212206761811,19.1785925,72.8502226,-48.79999923706055,23.85700035095215,null,null,null,1540535473202
0,0,0,7.00946044921875,8.064361572265625,7.783935546875,1.5771726416259844,-1.0797163039956157,0.1827212206761811,19.1784845,72.8502681,-48.79999923706055,22.625999450683594,null,null,null,1540535476217
0,0,0,5.4062652587890625,4.98480224609375,6.0706634521484375,1.5771726416259844,-1.0797163039956157,0.1827212206761811,19.178418,72.8502963,-48.79999923706055,21.983999252319336,null,null,null,1540535479279
0,0,0,6.442352294921875,1.78082275390625,6.537261962890625,1.5771726416259844,-1.0797163039956157,0.1827212206761811,19.1782796,72.8503522,null,20.750999450683594,null,null,null,1540535482184
0,0,0,6.6912078857421875,5.4633636474609375,8.121322631835938,1.5771726416259844,-1.0797163039956157,0.1827212206761811,19.178217,72.8503719,null,20.858999252319336,null,null,null,1540535484599
0,0,0,7.191314697265625,3.2500152587890625,7.5853271484375,1.5771726416259844,-1.0797163039956157,0.1827212206761811,19.1779658,72.8503788,null,19.957000732421875,null,null,null,1540535488155
0,0,0,7.12908935546875,7.1790313720703125,7.4178314208984375,1.5771726416259844,-1.0797163039956157,0.1827212206761811,19.1778164,72.8503857,null,19.97599983215332,null,null,null,1540535491102
0,0,0,4.3342742919921875,6.197967529296875,7.1259002685546875,1.5771726416259844,-1.0797163039956157,0.1827212206761811,19.1777056,72.8503927,null,20.01799964904785,null,null,null,1540535494257
0,0,0,6.3514251708984375,3.1399383544921875,7.286224365234375,1.5771726416259844,-1.0797163039956157,0.1827212206761811,19.177546,72.8503888,null,19.297000885009766,null,null,null,1540535497247
0,0,0,7.109954833984375,3.9893951416015625,6.8914031982421875,1.5771726416259844,-1.0797163039956157,0.1827212206761811,19.1774066,72.8503541,null,19.097000122070312,null,null,null,1540535500105
0,0,0,4.999481201171875,4.43206787109375,6.08502197265625,1.5771726416259844,-1.0797163039956157,0.1827212206761811,19.1772583,72.8503321,null,18.916000366210938,null,null,null,1540535503186
0,0,0,4.693206787109375,4.5469207763671875,5.443756103515625,1.5771726416259844,-1.0797163039956157,0.1827212206761811,19.1768005,72.8500473,-46,17.152000427246094,null,278,5.230000019073486,1540535511000
0,0,0,2.230987548828125,4.585205078125,3.8596954345703125,1.5771726416259844,-1.0797163039956157,0.1827212206761811,19.1768005,72.8500473,-46,37.797000885009766,null,null,null,1540535515158
0,0,0,4.9731597900390625,6.4109344482421875,6.874664306640625,1.5771726416259844,-1.0797163039956157,0.1827212206761811,19.1768005,72.8500473,-46,39.78300094604492,null,null,null,1540535518168
0,0,0,4.73388671875,5.915618896484375,6.1807403564453125,1.5771726416259844,-1.0797163039956157,0.1827212206761811,19.1768826,72.8501534,null,25.413000106811523,null,null,null,1540535521194
0,0,0,6.4973907470703125,6.075927734375,7.5996856689453125,1.5771726416259844,-1.0797163039956157,0.1827212206761811,19.1768966,72.8497526,-52.5,22.812000274658203,null,null,null,1540535524178
0,0,0,8.538467407226562,4.0731353759765625,9.150238037109375,1.5771726416259844,-1.0797163039956157,0.1827212206761811,19.1768644,72.849608,-52.29999923706055,21.38800048828125,null,null,null,1540535527092
0,0,0,4.8846282958984375,2.3431243896484375,5.6112518310546875,1.5771726416259844,-1.0797163039956157,0.1827212206761811,19.1768422,72.8494956,-52.29999923706055,20.386999130249023,null,null,null,1540535530156
0.12357902526855469,0.3149271011352539,0.419858455657959,7.126708984375,6.41571044921875,6.5803375244140625,1.5771726416259844,-1.0797163039956157,0.1827212206761811,19.1768268,72.8494641,-52.29999923706055,22.511999130249023,null,null,null,1540535533241
0.047068119049072266,-0.14127731323242188,0.6746411323547363,4.8271942138671875,4.70245361328125,6.5635833740234375,1.5771726416259844,-1.0797163039956157,0.1827212206761811,19.1767766,72.8494349,-52.29999923706055,24.729999542236328,null,null,null,1540535536157
0,0,0,4.8798370361328125,5.7552947998046875,5.7572021484375,1.5771726416259844,-1.0797163039956157,0.1827212206761811,19.1765858,72.8494132,null,23.46299934387207,null,null,null,1540535539247
0,0,0,5.865692138671875,2.8336639404296875,5.9175262451171875,1.5771726416259844,-1.0797163039956157,0.1827212206761811,19.1765365,72.8493672,null,24.94300079345703,null,null,null,1540535541756
0,0,0,5.985321044921875,4.03485107421875,5.9127349853515625,1.5771726416259844,-1.0797163039956157,0.1827212206761811,19.1764714,72.8492908,null,27.06800079345703,null,null,null,1540535545107
0,0,0,3.1259002685546875,4.168853759765625,5.08721923828125,1.5771726416259844,-1.0797163039956157,0.1827212206761811,19.1764487,72.8492254,null,30.10700035095215,null,null,null,1540535548197
-0.0011377334594726562,-0.0013599395751953125,0.0017838478088378906,6.4830322265625,4.123382568359375,7.2790374755859375,1.5771726416259844,-1.0797163039956157,0.1827212206761811,19.176407,72.8491043,null,34.902000427246094,null,null,null,1540535550250
-0.0008831024169921875,-0.0009756088256835938,0.0018582344055175781,7.9402618408203125,4.589996337890625,6.183135986328125,1.5771726416259844,-1.0797163039956157,0.1827212206761811,19.1764658,72.8488001,null,31.70400047302246,null,null,null,1540535554203
0,0,0,5.2890167236328125,3.429473876953125,5.7715606689453125,1.5771726416259844,-1.0797163039956157,0.1827212206761811,19.1761418,72.8489241,-50.70000076293945,25.91900062561035,null,null,null,1540535557163
0,0,0,7.756011962890625,6.18121337890625,12.634185791015625,1.5771726416259844,-1.0797163039956157,0.1827212206761811,19.1759505,72.8490351,-50.70000076293945,24.299999237060547,null,null,null,1540535560047
0,0,0,5.4876251220703125,5.50164794921875,6.7430572509765625,1.5771726416259844,-1.0797163039956157,0.1827212206761811,19.1759055,72.8490375,-50.70000076293945,27.71500015258789,null,null,null,1540535563213
0,0,0,7.016632080078125,4.5780181884765625,9.45172119140625,1.5771726416259844,-1.0797163039956157,0.1827212206761811,19.1756614,72.8490858,-50.70000076293945,27.76300048828125,null,null,null,1540535566174
0,0,0,4.4036712646484375,7.2579803466796875,5.233184814453125,1.5771726416259844,-1.0797163039956157,0.1827212206761811,19.1751971,72.8491933,-50.70000076293945,23.43400001525879,null,null,null,1540535569194
0.27673888206481934,0.10253620147705078,-0.24280834197998047,0.084625244140625,9.117218017578125,4.120513916015625,1.5771726416259844,-1.0797163039956157,0.1827212206761811,19.1750142,72.8492378,null,23.17099952697754,null,null,null,1540535572176
0.13323235511779785,0.11086273193359375,0.017786026000976562,3.2311859130859375,8.195968627929688,4.13726806640625,1.5771726416259844,-1.0797163039956157,0.1827212206761811,19.1748877,72.8492912,-50.70000076293945,22.05299949645996,null,null,null,1540535575146
0,0,0,8.01922607421875,3.288299560546875,7.6403656005859375,1.5771726416259844,-1.0797163039956157,0.1827212206761811,19.1747352,72.8493315,-51.29999923706055,28.530000686645508,null,null,null,1540535578211
0,0,0,7.040557861328125,5.0757293701171875,6.8028717041015625,1.5771726416259844,-1.0797163039956157,0.1827212206761811,19.1746082,72.8493541,-51.29999923706055,35.696998596191406,null,null,null,1540535581216
0,0,0,4.2816314697265625,4.989593505859375,5.36956787109375,1.5771726416259844,-1.0797163039956157,0.1827212206761811,19.1744396,72.8493539,-51.29999923706055,32.75,null,null,null,1540535584167
0,0,0,3.487213134765625,2.7235870361328125,4.2569122314453125,1.5771726416259844,-1.0797163039956157,0.1827212206761811,19.1743779,72.8493542,-51.29999923706055,33.62799835205078,null,null,null,1540535587212
0,0,0,4.42999267578125,2.77862548828125,5.474853515625,1.5771726416259844,-1.0797163039956157,0.1827212206761811,19.174235,72.8493755,-50.70000076293945,28.881999969482422,null,null,null,1540535590140
0,0,0,5.9566192626953125,5.2169036865234375,6.7143402099609375,1.5771726416259844,-1.0797163039956157,0.1827212206761811,19.1741353,72.8493922,-50.70000076293945,28.496000289916992,null,null,null,1540535592584
0,0,0,3.9944915771484375,5.6835174560546875,5.0776519775390625,1.5771726416259844,-1.0797163039956157,0.1827212206761811,19.1740123,72.8494119,-50.70000076293945,27.374000549316406,null,null,null,1540535595677
0,0,0,6.7845306396484375,3.747711181640625,7.403472900390625,1.5771726416259844,-1.0797163039956157,0.1827212206761811,19.1738002,72.8493942,-51.29999923706055,26.780000686645508,null,null,null,1540535598575
-0.0009713172912597656,-0.0011382102966308594,0.0016579627990722656,3.97296142578125,5.6667633056640625,6.219024658203125,1.5771726416259844,-1.0797163039956157,0.1827212206761811,19.1736908,72.8494048,null,27.117000579833984,null,null,null,1540535601635
0,0,0,5.5570068359375,4.8077392578125,7.192901611328125,1.5771726416259844,-1.0797163039956157,0.1827212206761811,19.1736619,72.8494121,null,24.301000595092773,null,null,null,1540535603877
-0.0008363723754882812,-0.0009598731994628906,0.0015425682067871094,6.4949951171875,4.003753662109375,6.0108489990234375,1.5771726416259844,-1.0797163039956157,0.1827212206761811,19.1736596,72.8494127,null,37.44599914550781,null,null,null,1540535606907
0,0,0,6.2030792236328125,5.283905029296875,6.822021484375,1.5771726416259844,-1.0797163039956157,0.1827212206761811,19.1736587,72.8494129,null,47.016998291015625,null,null,null,1540535609894
0,0,0,6.640960693359375,5.65240478515625,7.286224365234375,1.5771726416259844,-1.0797163039956157,0.1827212206761811,19.1736584,72.849413,null,57.762001037597656,null,null,null,1540535613107
0,0,0,11.227996826171875,10.079132080078125,10.085830688476562,1.5771726416259844,-1.0797163039956157,0.1827212206761811,19.1736583,72.849413,null,66.16000366210938,null,null,null,1540535615915
0,0,0,5.322509765625,2.972442626953125,5.9055633544921875,1.5771726416259844,-1.0797163039956157,0.1827212206761811,19.1736582,72.849413,null,77.5250015258789,null,null,null,1540535618404
-0.0008392333984375,-0.001031637191772461,0.0011458396911621094,5.573760986328125,2.3479156494140625,6.195098876953125,1.5771726416259844,-1.0797163039956157,0.1827212206761811,19.1736582,72.849413,null,87.61000061035156,null,null,null,1540535621908
0,0,0,4.7266998291015625,4.216705322265625,5.1087493896484375,1.5771726416259844,-1.0797163039956157,0.1827212206761811,19.1736582,72.849413,null,31.64900016784668,null,null,null,1540535624387
0,0,0,6.1623992919921875,4.1664581298828125,6.7861175537109375,1.5771726416259844,-1.0797163039956157,0.1827212206761811,19.1736582,72.849413,null,38.895999908447266,null,null,null,1540535627430
-0.0010852813720703125,-0.0012493133544921875,0.001986980438232422,6.81085205078125,5.5040435791015625,7.180938720703125,1.5771726416259844,-1.0797163039956157,0.1827212206761811,19.1736582,72.849413,null,47.4379997253418,null,null,null,1540535630401
0,0,0,5.18133544921875,3.0585784912109375,6.642547607421875,1.5771726416259844,-1.0797163039956157,0.1827212206761811,19.1738332,72.8494822,null,872,null,null,null,1540535633577
0,0,0,5.468475341796875,5.1977691650390625,6.1352691650390625,1.5771726416259844,-1.0797163039956157,0.1827212206761811,19.1738332,72.8494822,null,872,null,null,null,1540535636440
0,0,0,2.207061767578125,1.6683502197265625,2.02679443359375,1.5771726416259844,-1.0797163039956157,0.1827212206761811,19.1738332,72.8494822,null,872,null,null,null,1540535639201
-0.0008559226989746094,-0.0010173320770263672,0.0013742446899414062,5.5235137939453125,3.6328582763671875,6.1280975341796875,1.5771726416259844,-1.0797163039956157,0.1827212206761811,19.1733476,72.8492277,null,872,null,null,null,1540535642433
0,0,0,6.935272216796875,3.4462127685546875,7.2192230224609375,1.5771726416259844,-1.0797163039956157,0.1827212206761811,19.1736582,72.849413,null,28.527000427246094,null,null,null,1540535643791
0,0,0,6.7318878173828125,2.8527984619140625,6.82440185546875,1.5771726416259844,-1.0797163039956157,0.1827212206761811,19.1720209,72.8495112,null,24.76799964904785,null,null,null,1540535649680
0,0,0,5.3057708740234375,3.008331298828125,6.2046661376953125,1.5771726416259844,-1.0797163039956157,0.1827212206761811,19.1714104,72.8495218,null,31.16699981689453,null,null,null,1540535652512
0,0,0,10.809249877929688,3.759674072265625,7.42022705078125,1.5771726416259844,-1.0797163039956157,0.1827212206761811,19.1707971,72.8496263,null,27.569000244140625,null,null,null,1540535655872
0,0,0,7.49041748046875,6.3128204345703125,6.8100433349609375,1.5771726416259844,-1.0797163039956157,0.1827212206761811,19.1704499,72.8496701,null,26.503000259399414,null,null,null,1540535658930
0,0,0,0.0535125732421875,2.879119873046875,2.9097442626953125,1.5771726416259844,-1.0797163039956157,0.1827212206761811,19.1703109,72.8496648,null,27.902000427246094,null,null,null,1540535661910
0,0,0,5.0904083251953125,6.056793212890625,7.4537200927734375,1.5771726416259844,-1.0797163039956157,0.1827212206761811,19.1702156,72.8496676,null,26.927000045776367,null,null,null,1540535664885
0,0,0,5.3488311767578125,3.1686553955078125,5.6495361328125,1.5771726416259844,-1.0797163039956157,0.1827212206761811,19.170205,72.849659,null,27.54599952697754,null,null,null,1540535667949
0,0,0,2.207061767578125,8.2342529296875,4.9915008544921875,1.5771726416259844,-1.0797163039956157,0.1827212206761811,19.1701723,72.8496499,null,27.992000579833984,null,null,null,1540535670890
0,0,0,5.609649658203125,2.2593841552734375,5.680633544921875,1.5771726416259844,-1.0797163039956157,0.1827212206761811,19.1701399,72.849646,null,37.73099899291992,null,null,null,1540535673901
-0.0008645057678222656,-0.0010251998901367188,0.0014066696166992188,5.387115478515625,3.4270782470703125,5.809844970703125,1.5771726416259844,-1.0797163039956157,0.1827212206761811,19.170132,72.8497427,null,35.97200012207031,null,null,null,1540535676888
-0.0012640953063964844,-0.0014824867248535156,0.0021533966064453125,7.1434478759765625,5.9730377197265625,8.305557250976562,1.5771726416259844,-1.0797163039956157,0.1827212206761811,19.1700521,72.8498053,null,40.119998931884766,null,null,null,1540535679518
0,0,0,6.0618896484375,3.640045166015625,6.2166290283203125,1.5771726416259844,-1.0797163039956157,0.1827212206761811,19.1700148,72.8498196,null,39.939998626708984,null,null,null,1540535682526
0,0,0,5.9805450439453125,4.8531951904296875,6.0587005615234375,1.5771726416259844,-1.0797163039956157,0.1827212206761811,19.1698918,72.8497907,null,47.11800003051758,null,null,null,1540535686146
0,0,0,6.583526611328125,6.6454315185546875,7.884429931640625,1.5771726416259844,-1.0797163039956157,0.1827212206761811,19.1697306,72.8497142,null,55.689998626708984,null,null,null,1540535689006
-0.0010447502136230469,-0.001264810562133789,0.001544952392578125,5.2483367919921875,3.7836151123046875,6.6473388671875,1.5771726416259844,-1.0797163039956157,0.1827212206761811,19.1696086,72.8497008,null,55.28499984741211,null,null,null,1540535692086
0,0,0,6.2628936767578125,3.3409423828125,7.240753173828125,1.5771726416259844,-1.0797163039956157,0.1827212206761811,19.1694491,72.8496422,null,57.69599914550781,null,null,null,1540535695126
0,0,0,5.8058624267578125,4.2023468017578125,6.5205230712890625,1.5771726416259844,-1.0797163039956157,0.1827212206761811,19.1692763,72.8494832,null,62.757999420166016,null,null,null,1540535698076
0,0,0,4.5328826904296875,2.6661529541015625,7.228790283203125,1.5771726416259844,-1.0797163039956157,0.1827212206761811,19.1682808,72.8497264,-11,21.440000534057617,null,157,4.139999866485596,1540535705000
0,0,0,6.24853515625,4.7120208740234375,6.841156005859375,1.5771726416259844,-1.0797163039956157,0.1827212206761811,19.1682808,72.8497264,-11,27.93899917602539,null,null,null,1540535706908
-0.000885009765625,-0.0010421276092529297,0.0014786720275878906,6.212646484375,3.922393798828125,6.48223876953125,1.5771726416259844,-1.0797163039956157,0.1827212206761811,19.1682808,72.8497264,-11,34.680999755859375,null,null,null,1540535709967
0,0,0,4.8367767333984375,4.4344635009765625,6.95123291015625,1.5771726416259844,-1.0797163039956157,0.1827212206761811,19.1683067,72.8496695,null,32.96699905395508,null,null,null,1540535712942
-0.0009379386901855469,-0.0011396408081054688,0.0013628005981445312,5.4589080810546875,3.8697509765625,6.9918975830078125,1.5771726416259844,-1.0797163039956157,0.1827212206761811,19.1679514,72.8499167,-12,14.060999870300293,null,164,3.1700000762939453,1540535719000
0,0,0,6.8539276123046875,3.9606781005859375,7.0948028564453125,1.5771726416259844,-1.0797163039956157,0.1827212206761811,19.1679206,72.8499403,-12,21.027999877929688,null,null,null,1540535722038
0,0,0,5.8226165771484375,1.835845947265625,5.9988861083984375,1.5771726416259844,-1.0797163039956157,0.1827212206761811,19.1679195,72.8499411,-12,24.617000579833984,null,null,null,1540535724901
0,0,0,5.152618408203125,5.599761962890625,5.6734619140625,1.5771726416259844,-1.0797163039956157,0.1827212206761811,19.167839,72.8499932,null,19.816999435424805,null,null,null,1540535728170
-0.0008654594421386719,-0.001058340072631836,0.0012140274047851562,6.15521240234375,2.2019500732421875,6.3051605224609375,1.5771726416259844,-1.0797163039956157,0.1827212206761811,19.1677227,72.8502215,-12,13.857999801635742,null,97,3.9000000953674316,1540535734000
0,0,0,5.8297882080078125,11.478927612304688,6.5157318115234375,1.5771726416259844,-1.0797163039956157,0.1827212206761811,19.1676881,72.8503035,-12,21.841999053955078,null,null,null,1540535737169
0,0,0,4.7745513916015625,4.05877685546875,6.065887451171875,1.5771726416259844,-1.0797163039956157,0.1827212206761811,19.167683,72.8503157,-12,28.406999588012695,null,null,null,1540535739711
0,0,0,4.8032684326171875,4.872344970703125,5.3145294189453125,1.5771726416259844,-1.0797163039956157,0.1827212206761811,19.1677045,72.8504755,-50.400001525878906,22.625999450683594,null,null,null,1540535742566
-0.0006799697875976562,-0.0009040795266628265,0.00052642822265625,4.1021728515625,0.0316619873046875,5.3528289794921875,1.5771726416259844,-1.0797163039956157,0.1827212206761811,19.1677116,72.8505587,-50.400001525878906,21.44499969482422,null,null,null,1540535745586
0,0,0,4.17156982421875,3.7740325927734375,6.0754547119140625,1.5771726416259844,-1.0797163039956157,0.1827212206761811,19.1676868,72.8505786,null,21.264999389648438,null,null,null,1540535748637
0,0,0,7.9976959228515625,3.735748291015625,7.8652801513671875,1.5771726416259844,-1.0797163039956157,0.1827212206761811,19.1676692,72.8505938,null,20.788999557495117,null,null,null,1540535750228
0,0,0,5.5546112060546875,4.4775238037109375,6.781341552734375,1.5771726416259844,-1.0797163039956157,0.1827212206761811,19.1676377,72.8506169,null,21.024999618530273,null,null,null,1540535754642
0,0,0,4.858306884765625,5.118804931640625,6.24774169921875,1.5771726416259844,-1.0797163039956157,0.1827212206761811,19.1675634,72.850643,null,20.36199951171875,null,null,null,1540535758236
0,0,0,6.676849365234375,4.7287750244140625,8.181137084960938,1.5771726416259844,-1.0797163039956157,0.1827212206761811,19.1675135,72.8506447,null,20.573999404907227,null,null,null,1540535761262
0,0,0,6.52850341796875,4.3411407470703125,6.9560089111328125,1.5771726416259844,-1.0797163039956157,0.1827212206761811,19.1673304,72.8505926,-50,19.58099937438965,null,null,null,1540535764188
0,0,0,5.66229248046875,4.7838134765625,6.525299072265625,1.5771726416259844,-1.0797163039956157,0.1827212206761811,19.1672272,72.850549,-50,19.479000091552734,null,null,null,1540535767137
0,0,0,6.36578369140625,2.61590576171875,6.9129486083984375,1.5771726416259844,-1.0797163039956157,0.1827212206761811,19.1670521,72.8505428,null,19.149999618530273,null,null,null,1540535770263
0,0,0,4.071075439453125,0.778228759765625,5.1494293212890625,1.5771726416259844,-1.0797163039956157,0.1827212206761811,19.1669024,72.8506326,-50,19.422000885009766,null,null,null,1540535773470
0,0,0,5.2076568603515625,3.429473876953125,5.379150390625,1.5771726416259844,-1.0797163039956157,0.1827212206761811,19.1667699,72.8507826,-50,19.136999130249023,null,null,null,1540535775924
0,0,0,5.5235137939453125,3.147125244140625,5.55621337890625,1.5771726416259844,-1.0797163039956157,0.1827212206761811,19.1667174,72.8508415,-50,19.891000747680664,null,null,null,1540535778925
0,0,0,4.91094970703125,1.06536865234375,5.455718994140625,1.5771726416259844,-1.0797163039956157,0.1827212206761811,19.1666246,72.8509423,-50,20.333999633789062,null,null,null,1540535781928
-0.00089263916015625,-0.0010714530944824219,0.0013737678527832031,5.609649658203125,3.8506011962890625,6.6473388671875,1.5771726416259844,-1.0797163039956157,0.1827212206761811,19.1665036,72.8510823,-41.20000076293945,19.923999786376953,null,null,null,1540535784930
0,0,0,4.9133453369140625,3.534759521484375,6.2142333984375,1.5771726416259844,-1.0797163039956157,0.1827212206761811,19.1664028,72.851193,null,20.229000091552734,null,null,null,1540535787936
0,0,0,5.1119384765625,3.3911895751953125,4.008056640625,1.5771726416259844,-1.0797163039956157,0.1827212206761811,19.1663216,72.8512773,null,19.816999435424805,null,null,null,1540535790887
0,0,0,4.3486328125,4.8077392578125,5.6758575439453125,1.5771726416259844,-1.0797163039956157,0.1827212206761811,19.1662323,72.8513767,null,19.107999801635742,null,null,null,1540535793889
0,0,0,5.856109619140625,1.929168701171875,3.886016845703125,1.5771726416259844,-1.0797163039956157,0.1827212206761811,19.1660489,72.8513477,-49,14.675999641418457,null,null,null,1540535802000
-0.0009284019470214844,-0.0011119842529296875,0.0014438629150390625,4.7865142822265625,4.068359375,6.2118377685546875,1.5771726416259844,-1.0797163039956157,0.1827212206761811,19.1659637,72.8513135,-49,26.388999938964844,null,null,null,1540535805841
0,0,0,3.180938720703125,5.2384490966796875,5.467681884765625,1.5771726416259844,-1.0797163039956157,0.1827212206761811,19.1659422,72.8513048,-49,29.60300064086914,null,null,null,1540535808882
0,0,0,4.4874267578125,6.88470458984375,5.022613525390625,1.5771726416259844,-1.0797163039956157,0.1827212206761811,19.1658624,72.8512062,-50.900001525878906,21.315000534057617,null,null,null,1540535811855
-0.0009121894836425781,-0.0010733604431152344,0.0015311241149902344,5.82501220703125,4.345916748046875,6.51812744140625,1.5771726416259844,-1.0797163039956157,0.1827212206761811,19.1656678,72.8510967,-53,13.998000144958496,null,182,3.7899999618530273,1540535816000
0,0,0,5.6646881103515625,3.372039794921875,6.8722686767578125,1.5771726416259844,-1.0797163039956157,0.1827212206761811,19.1655936,72.8510549,-53,14.928000450134277,null,null,null,1540535816648
0.050649166107177734,-0.3814394474029541,-0.2010970115661621,7.1649932861328125,2.59197998046875,7.7049713134765625,1.5771726416259844,-1.0797163039956157,0.1827212206761811,19.1655612,72.8510367,-53,19.966999053955078,null,null,null,1540535819690
0,0,0,4.9947052001953125,7.018707275390625,6.522918701171875,1.5771726416259844,-1.0797163039956157,0.1827212206761811,19.1655489,72.8510298,-53,26.924999237060547,null,null,null,1540535822655
0,0,0,2.372161865234375,8.952102661132812,4.1947021484375,1.5771726416259844,-1.0797163039956157,0.1827212206761811,19.1655422,72.851026,-53,35.26300048828125,null,null,null,1540535825662
0,0,0,0.589508056640625,8.229476928710938,3.85491943359375,1.5771726416259844,-1.0797163039956157,0.1827212206761811,19.1655381,72.8510237,-53,44.757999420166016,null,null,null,1540535828670
-0.0007797479629516602,-0.0008077621459960938,0.0019583702087402344,1.879241943359375,9.121994018554688,4.5105438232421875,1.5771726416259844,-1.0797163039956157,0.1827212206761811,19.1655357,72.8510223,-53,54.5359992980957,null,null,null,1540535831646
-0.0007005929946899414,-0.0007600784301757812,0.0015568733215332031,1.28582763671875,7.7796173095703125,4.376556396484375,1.5771726416259844,-1.0797163039956157,0.1827212206761811,19.1655343,72.8510215,-53,65.19400024414062,null,null,null,1540535834663
0,0,0,1.7643890380859375,9.3349609375,4.012847900390625,1.5771726416259844,-1.0797163039956157,0.1827212206761811,19.1655942,72.850976,-47.79999923706055,26.1299991607666,null,null,null,1540535835971
0,0,0,1.2523193359375,7.98541259765625,3.5845184326171875,1.5771726416259844,-1.0797163039956157,0.1827212206761811,19.1655497,72.8509445,-47.79999923706055,22.665000915527344,null,null,null,1540535841939
-0.0006326436996459961,-0.0006756782531738281,0.0014696121215820312,1.4604949951171875,7.2005615234375,3.93865966796875,1.5771726416259844,-1.0797163039956157,0.1827212206761811,19.1653331,72.8509888,null,20.038000106811523,null,null,null,1540535844888
0,0,0,1.3767547607421875,8.669754028320312,4.0224151611328125,1.5771726416259844,-1.0797163039956157,0.1827212206761811,19.1652393,72.8509998,null,21.139999389648438,null,null,null,1540535847829
0,0,0,0.42919921875,7.8777313232421875,3.6898040771484375,1.5771726416259844,-1.0797163039956157,0.1827212206761811,19.1651571,72.8510055,null,21.405000686645508,null,null,null,1540535850897
0,0,0,1.09918212890625,8.660186767578125,3.967376708984375,1.5771726416259844,-1.0797163039956157,0.1827212206761811,19.1651162,72.8510044,null,21.486000061035156,null,null,null,1540535853887
0,0,0,0.845550537109375,6.291290283203125,3.85491943359375,1.5771726416259844,-1.0797163039956157,0.1827212206761811,19.1650627,72.851007,null,21.045000076293945,null,null,null,1540535856880
0,0,0,1.1829376220703125,8.806137084960938,4.8383636474609375,1.5771726416259844,-1.0797163039956157,0.1827212206761811,19.1650277,72.8510077,-50.70000076293945,20.655000686645508,null,null,null,1540535859856
0,0,0,2.594696044921875,9.99298095703125,4.7689666748046875,1.5771726416259844,-1.0797163039956157,0.1827212206761811,19.1649627,72.8510407,null,20.69700050354004,null,null,null,1540535862871
0,0,0,0.237762451171875,8.528579711914062,2.713531494140625,1.5771726416259844,-1.0797163039956157,0.1827212206761811,19.1648654,72.8510099,null,19.711000442504883,null,null,null,1540535865938
0,0,0,8.045547485351562,2.996368408203125,6.207061767578125,1.5771726416259844,-1.0797163039956157,0.1827212206761811,19.1647774,72.8509579,null,19.638999938964844,null,null,null,1540535868943
-0.0006628036499023438,-0.0006670951843261719,0.00177764892578125,5.21484375,6.1668548583984375,4.259307861328125,1.5771726416259844,-1.0797163039956157,0.1827212206761811,19.1647231,72.850956,-50.900001525878906,19.92300033569336,null,null,null,1540535871884
0,0,0,7.78472900390625,5.9610748291015625,8.72430419921875,1.5771726416259844,-1.0797163039956157,0.1827212206761811,19.1646783,72.8509538,-50.900001525878906,20.132999420166016,null,null,null,1540535874933
0,0,0,4.188323974609375,4.6306610107421875,5.199676513671875,1.5771726416259844,-1.0797163039956157,0.1827212206761811,19.1646293,72.8509477,null,23.208999633789062,null,null,null,1540535877847
0,0,0,6.3968963623046875,3.4366455078125,5.99169921875,1.5771726416259844,-1.0797163039956157,0.1827212206761811,19.1646466,72.85094,null,23.589000701904297,null,null,null,1540535886793
0,0,0,3.5063629150390625,6.408538818359375,5.2762451171875,1.5771726416259844,-1.0797163039956157,0.1827212206761811,19.1646518,72.8509267,null,21.207000732421875,null,null,null,1540535889850
0,0,0,0.881439208984375,8.892288208007812,3.8070526123046875,1.5771726416259844,-1.0797163039956157,0.1827212206761811,19.164529,72.8509111,null,20.077999114990234,null,null,null,1540535892887
0,0,0,3.6953887939453125,7.442230224609375,4.869476318359375,1.5771726416259844,-1.0797163039956157,0.1827212206761811,19.1643832,72.8508929,null,19.764999389648438,null,null,null,1540535895767
0,0,0,0.565582275390625,8.097869873046875,4.7857208251953125,1.5771726416259844,-1.0797163039956157,0.1827212206761811,19.1642229,72.8508925,null,20.485000610351562,null,null,null,1540535898881
0,0,0,3.322113037109375,7.63604736328125,4.57037353515625,1.5771726416259844,-1.0797163039956157,0.1827212206761811,19.1640367,72.8508797,null,21.045000076293945,null,null,null,1540535901849
0,0,0,6.712738037109375,4.0827178955078125,6.2166290283203125,1.5771726416259844,-1.0797163039956157,0.1827212206761811,19.1638368,72.850933,null,19.816999435424805,null,null,null,1540535904938
0,0,0,2.7382659912109375,3.041839599609375,5.1901092529296875,1.5771726416259844,-1.0797163039956157,0.1827212206761811,19.1637425,72.8509655,null,20.308000564575195,null,null,null,1540535907872
0,0,0,6.0260009765625,4.3172149658203125,6.5970916748046875,1.5771726416259844,-1.0797163039956157,0.1827212206761811,19.1635954,72.8510095,null,19.79400062561035,null,null,null,1540535910847
-0.0008997917175292969,-0.0010590553283691406,0.0015091896057128906,5.8752593994140625,4.24542236328125,6.48223876953125,1.5771726416259844,-1.0797163039956157,0.1827212206761811,19.1635375,72.8510216,-51.5,19.871999740600586,null,null,null,1540535913895
0,0,0,7.052520751953125,2.2234954833984375,7.3292999267578125,1.5771726416259844,-1.0797163039956157,0.1827212206761811,19.1634986,72.8510241,null,20.19300079345703,null,null,null,1540535916933
0,0,0,5.9063568115234375,3.0226898193359375,5.491607666015625,1.5771726416259844,-1.0797163039956157,0.1827212206761811,19.1634227,72.8510241,null,20.264999389648438,null,null,null,1540535919827
0,0,0,4.611846923828125,3.8362579345703125,4.88861083984375,1.5771726416259844,-1.0797163039956157,0.1827212206761811,19.1633623,72.8510193,null,20.516000747680664,null,null,null,1540535922687
0,0,0,6.712738037109375,2.6422271728515625,6.70477294921875,1.5771726416259844,-1.0797163039956157,0.1827212206761811,19.1630163,72.851037,null,18.5310001373291,null,null,null,1540535925719
-0.0009102821350097656,-0.0009980201721191406,0.001956939697265625,5.411041259765625,7.183807373046875,6.1807403564453125,1.5771726416259844,-1.0797163039956157,0.1827212206761811,19.1627337,72.8510391,null,18.448999404907227,null,null,null,1540535928635
0,0,0,6.81085205078125,3.9439239501953125,6.6138458251953125,1.5771726416259844,-1.0797163039956157,0.1827212206761811,19.1625227,72.8510268,null,19.19099998474121,null,null,null,1540535931650
0,0,0,4.32470703125,6.643035888671875,6.171173095703125,1.5771726416259844,-1.0797163039956157,0.1827212206761811,19.1622433,72.8510167,null,18.735000610351562,null,null,null,1540535934738
0,0,0,6.4495391845703125,2.2833099365234375,5.4198150634765625,1.5771726416259844,-1.0797163039956157,0.1827212206761811,19.161909,72.8510037,null,19.42099952697754,null,null,null,1540535937331
0,0,0,3.7360687255859375,7.265167236328125,6.6353759765625,1.5771726416259844,-1.0797163039956157,0.1827212206761811,19.1616676,72.8509905,null,19.506000518798828,null,null,null,1540535940458
0,0,0,5.351226806640625,5.4753265380859375,6.699981689453125,1.5771726416259844,-1.0797163039956157,0.1827212206761811,19.1615765,72.8509862,null,20.451000213623047,null,null,null,1540535943351
0,0,0,7.8995819091796875,3.45819091796875,7.1139373779296875,1.5771726416259844,-1.0797163039956157,0.1827212206761811,19.1614926,72.8509888,null,21.176000595092773,null,null,null,1540535946334
0,0,0,6.3801422119140625,2.0368499755859375,6.364990234375,1.5771726416259844,-1.0797163039956157,0.1827212206761811,19.1613508,72.8509556,-24.100000381469727,22.663999557495117,null,null,null,1540535949492
0,0,0,7.861297607421875,6.2530059814453125,6.9201202392578125,1.5771726416259844,-1.0797163039956157,0.1827212206761811,19.1612527,72.8509342,-24.100000381469727,24.708999633789062,null,null,null,1540535958340
0,0,0,5.5211181640625,9.093276977539062,6.783721923828125,1.5771726416259844,-1.0797163039956157,0.1827212206761811,19.1612004,72.8509195,-24.100000381469727,22.736000061035156,null,null,null,1540535961390
0,0,0,5.8465423583984375,6.1190032958984375,6.829193115234375,1.5771726416259844,-1.0797163039956157,0.1827212206761811,19.1611224,72.8509041,-24.100000381469727,21.14699935913086,null,null,null,1540535964346
0,0,0,5.5570068359375,5.8845062255859375,6.1807403564453125,1.5771726416259844,-1.0797163039956157,0.1827212206761811,19.1608411,72.8508579,-54.70000076293945,19.441999435424805,null,null,null,1540535967380
0,0,0,5.997283935546875,6.973236083984375,6.137664794921875,1.5771726416259844,-1.0797163039956157,0.1827212206761811,19.1604387,72.8508165,-54.70000076293945,19.82200050354004,null,null,null,1540535970229
0,0,0,3.6571044921875,5.1810150146484375,2.581939697265625,1.5771726416259844,-1.0797163039956157,0.1827212206761811,19.1602377,72.8507898,-54.70000076293945,21.92099952697754,null,null,null,1540535973349
0,0,0,4.68841552734375,4.767059326171875,5.860107421875,1.5771726416259844,-1.0797163039956157,0.1827212206761811,19.1599185,72.8507459,-54.70000076293945,22.62700080871582,null,null,null,1540535976348
0,0,0,1.02740478515625,7.7532958984375,4.0630950927734375,1.5771726416259844,-1.0797163039956157,0.1827212206761811,19.159503,72.8506867,-54.70000076293945,21.309999465942383,null,null,null,1540535979313
-0.0007365942001342773,-0.0007886886596679688,0.0016984939575195312,1.3432464599609375,7.87054443359375,4.237762451171875,1.5771726416259844,-1.0797163039956157,0.1827212206761811,19.1592612,72.8506545,null,21.07699966430664,null,null,null,1540535982307
0,0,0,-0.1235504150390625,9.732162475585938,3.86688232421875,1.5771726416259844,-1.0797163039956157,0.1827212206761811,19.1590539,72.8505973,null,25.36400032043457,null,null,null,1540535991223
0,0,0,4.894195556640625,3.10882568359375,6.77655029296875,1.5771726416259844,-1.0797163039956157,0.1827212206761811,19.1588299,72.8507051,-54,16.141000747680664,null,126,3.380000114440918,1540535998000
0,0,0,4.458709716796875,3.98699951171875,6.441558837890625,1.5771726416259844,-1.0797163039956157,0.1827212206761811,19.1588141,72.850721,-54,18.641000747680664,null,null,null,1540536000850
0,0,0,3.1259002685546875,0.8165130615234375,4.7450408935546875,1.5771726416259844,-1.0797163039956157,0.1827212206761811,19.1588033,72.8507318,-54,21.709999084472656,null,null,null,1540536002813
0,0,0,3.8126373291015625,2.725982666015625,3.2327880859375,1.5771726416259844,-1.0797163039956157,0.1827212206761811,19.158782,72.8507531,-54,25.322999954223633,null,null,null,1540536003056
0,0,0,2.4224090576171875,3.3457183837890625,2.4096527099609375,1.5771726416259844,-1.0797163039956157,0.1827212206761811,19.158757,72.8507783,-54,38.654998779296875,null,null,null,1540536008742
-0.0007081031799316406,-0.0008693933486938477,0.0009722709655761719,4.42999267578125,1.91241455078125,4.9364776611328125,1.5771726416259844,-1.0797163039956157,0.1827212206761811,19.1587451,72.8507902,-54,48.819000244140625,null,null,null,1540536011776
0,0,0,9.048141479492188,6.0472259521484375,8.68841552734375,1.5771726416259844,-1.0797163039956157,0.1827212206761811,19.1587378,72.8507975,-54,59.44499969482422,null,null,null,1540536014741
0,0,0,6.2389678955078125,4.9680633544921875,6.4511260986328125,1.5771726416259844,-1.0797163039956157,0.1827212206761811,19.1587335,72.8508019,-54,70.60099792480469,null,null,null,1540536017791
0,0,0,5.5187225341796875,3.30743408203125,5.7643890380859375,1.5771726416259844,-1.0797163039956157,0.1827212206761811,19.1586753,72.8508425,null,27.062000274658203,null,null,null,1540536021858
0,0,0,6.40167236328125,4.965667724609375,5.6232147216796875,1.5771726416259844,-1.0797163039956157,0.1827212206761811,19.1586743,72.8508472,null,24.399999618530273,null,null,null,1540536024965
0,0,0,5.257904052734375,4.1640625,6.23577880859375,1.5771726416259844,-1.0797163039956157,0.1827212206761811,19.1580077,72.8511206,-67,14.907999992370605,null,null,null,1540536033000
1.6168932914733887,2.5483837127685547,0.4111151695251465,7.2535247802734375,6.9684600830078125,5.4844207763671875,1.5771726416259844,-1.0797163039956157,0.1827212206761811,19.1577933,72.8512086,-67,26.118000030517578,null,null,null,1540536036879
0,0,0,6.243743896484375,4.3842010498046875,5.738067626953125,1.5771726416259844,-1.0797163039956157,0.1827212206761811,19.1577751,72.8512161,-67,28.7549991607666,null,null,null,1540536039951
-0.0006611347198486328,-0.0006618499755859375,0.0017979145050048828,1.3839263916015625,8.095474243164062,3.4888153076171875,1.5771726416259844,-1.0797163039956157,0.1827212206761811,19.1576446,72.8512196,null,23.145000457763672,null,null,null,1540536042911
0,0,0,0.4100494384765625,8.57403564453125,4.165985107421875,1.5771726416259844,-1.0797163039956157,0.1827212206761811,19.1575031,72.8512429,null,21.351999282836914,null,null,null,1540536045902
0,0,0,4.0447540283203125,8.540542602539062,6.1041717529296875,1.5771726416259844,-1.0797163039956157,0.1827212206761811,19.1574263,72.8512556,null,20.881999969482422,null,null,null,1540536048945
0,0,0,2.57794189453125,8.207931518554688,3.2327880859375,1.5771726416259844,-1.0797163039956157,0.1827212206761811,19.1573518,72.851276,null,20.172000885009766,null,null,null,1540536051952
0,0,0,2.4463348388671875,9.744125366210938,5.6112518310546875,1.5771726416259844,-1.0797163039956157,0.1827212206761811,19.1572607,72.8512771,null,19.381000518798828,null,null,null,1540536054922
0,0,0,3.9346771240234375,8.822891235351562,4.6636962890625,1.5771726416259844,-1.0797163039956157,0.1827212206761811,19.1572246,72.85126,null,19.496000289916992,null,null,null,1540536057899
0,0,0,6.9496307373046875,6.0902862548828125,7.2240142822265625,1.5771726416259844,-1.0797163039956157,0.1827212206761811,19.1572258,72.8512669,null,20.288000106811523,null,null,null,1540536060974
0,0,0,5.8345794677734375,5.8366546630859375,5.55621337890625,1.5771726416259844,-1.0797163039956157,0.1827212206761811,19.1571706,72.8512765,null,19.986000061035156,null,null,null,1540536063979
0,0,0,5.269866943359375,3.96307373046875,6.12091064453125,1.5771726416259844,-1.0797163039956157,0.1827212206761811,19.1570922,72.8513054,null,19.82900047302246,null,null,null,1540536066969
0,0,0,4.9779510498046875,7.2364501953125,6.02520751953125,1.5771726416259844,-1.0797163039956157,0.1827212206761811,19.1570627,72.8513205,null,19.893999099731445,null,null,null,1540536069942
-0.0006551742553710938,-0.0006284713745117188,0.00194549560546875,1.6973876953125,8.791793823242188,3.40985107421875,1.5771726416259844,-1.0797163039956157,0.1827212206761811,19.157034,72.8513429,null,20.25200080871582,null,null,null,1540536072945
0,0,0,2.1352691650390625,9.531173706054688,4.7713623046875,1.5771726416259844,-1.0797163039956157,0.1827212206761811,19.1570034,72.8513414,null,20.82900047302246,null,null,null,1540536075948
0,0,0,0.9795379638671875,7.89208984375,3.8525238037109375,1.5771726416259844,-1.0797163039956157,0.1827212206761811,19.1569675,72.8513273,null,20.447999954223633,null,null,null,1540536078926
0,0,0,10.866683959960938,4.1903839111328125,8.738662719726562,1.5771726416259844,-1.0797163039956157,0.1827212206761811,19.1568812,72.8513817,-59,17.40399932861328,null,155,1.1799999475479126,1540536087000
0,0,0,5.631195068359375,3.4629669189453125,5.6854248046875,1.5771726416259844,-1.0797163039956157,0.1827212206761811,19.1568207,72.8514198,-59,28.416000366210938,null,null,null,1540536090866
0,0,0,5.19329833984375,2.879119873046875,5.821807861328125,1.5771726416259844,-1.0797163039956157,0.1827212206761811,19.15681,72.8514265,-59,31.57200050354004,null,null,null,1540536093918
-0.0008997917175292969,-0.0010459423065185547,0.0015835762023925781,6.9735565185546875,3.3505096435546875,6.1759490966796875,1.5771726416259844,-1.0797163039956157,0.1827212206761811,19.1566643,72.8514089,null,23.7549991607666,null,null,null,1540536096209
0,0,0,6.7079620361328125,4.1138153076171875,6.0395660400390625,1.5771726416259844,-1.0797163039956157,0.1827212206761811,19.1564743,72.8514001,null,21.790000915527344,null,null,null,1540536099445
0,0,0,3.31732177734375,2.9628753662109375,4.82879638671875,1.5771726416259844,-1.0797163039956157,0.1827212206761811,19.1563574,72.8514063,null,21.3700008392334,null,null,null,1540536102409
0,0,0,5.808258056640625,7.219696044921875,5.403076171875,1.5771726416259844,-1.0797163039956157,0.1827212206761811,19.1562521,72.8514017,null,20.915000915527344,null,null,null,1540536105446
0,0,0,9.959808349609375,2.8336639404296875,7.6451416015625,1.5771726416259844,-1.0797163039956157,0.1827212206761811,19.1561414,72.851389,null,20.52400016784668,null,null,null,1540536108438
0,0,0,2.1568145751953125,1.0940704345703125,3.8094482421875,1.5771726416259844,-1.0797163039956157,0.1827212206761811,19.1561095,72.8514304,null,20.65399932861328,null,null,null,1540536111470
-1.50048828125,1.8429293632507324,-1.063797950744629,4.7625885009765625,8.066757202148438,5.572967529296875,1.5771726416259844,-1.0797163039956157,0.1827212206761811,19.1560942,72.8514423,null,21.121999740600586,null,null,null,1540536114459
0,0,0,4.2577056884765625,8.528579711914062,6.02520751953125,1.5771726416259844,-1.0797163039956157,0.1827212206761811,19.1560623,72.8516816,null,19.375999450683594,null,null,null,1540536117433
0,0,0,4.717132568359375,4.4583892822265625,5.5059661865234375,1.5771726416259844,-1.0797163039956157,0.1827212206761811,19.1560445,72.8518191,-52.79999923706055,19.469999313354492,null,null,null,1540536120847
-0.09160709381103516,-1.7315449714660645,0.45777416229248047,4.4443511962890625,2.867156982421875,5.362396240234375,1.5771726416259844,-1.0797163039956157,0.1827212206761811,19.1560344,72.8519411,-52.79999923706055,19.701000213623047,null,null,null,1540536123956
-0.0008473396301269531,-0.0009860992431640625,0.0014896392822265625,5.456512451171875,4.601959228515625,6.1520233154296875,1.5771726416259844,-1.0797163039956157,0.1827212206761811,19.1560525,72.8520576,-52.79999923706055,19.738000869750977,null,null,null,1540536126957
-0.0006699562072753906,-0.0007882118225097656,0.0011239051818847656,4.470672607421875,2.467559814453125,4.39569091796875,1.5771726416259844,-1.0797163039956157,0.1827212206761811,19.1560436,72.8521035,-52.79999923706055,22.340999603271484,null,null,null,1540536129854
0,0,0,0.658905029296875,8.6434326171875,4.0583038330078125,1.5771726416259844,-1.0797163039956157,0.1827212206761811,19.156022,72.8522855,-52.79999923706055,27.878999710083008,null,null,null,1540536132931
0,0,0,5.880035400390625,4.4464263916015625,7.25750732421875,1.5771726416259844,-1.0797163039956157,0.1827212206761811,19.1558357,72.8524214,-52.29999923706055,26.267000198364258,null,null,null,1540536141910
0,0,0,3.22161865234375,7.6839141845703125,4.5033721923828125,1.5771726416259844,-1.0797163039956157,0.1827212206761811,19.155781,72.8525518,-52.79999923706055,22.540000915527344,null,null,null,1540536144953
0,0,0,4.6070556640625,4.70245361328125,4.81683349609375,1.5771726416259844,-1.0797163039956157,0.1827212206761811,19.1557479,72.852564,-52.79999923706055,22.124000549316406,null,null,null,1540536147926
0,0,0,5.6240081787109375,1.81671142578125,5.5370635986328125,1.5771726416259844,-1.0797163039956157,0.1827212206761811,19.1557198,72.8525914,-52.79999923706055,21.44700050354004,null,null,null,1540536149999
0,0,0,5.679046630859375,2.53216552734375,6.290802001953125,1.5771726416259844,-1.0797163039956157,0.1827212206761811,19.155673,72.8525448,-52.79999923706055,24.527999877929688,null,null,null,1540536153927
0,0,0,4.3869171142578125,2.28570556640625,3.60845947265625,1.5771726416259844,-1.0797163039956157,0.1827212206761811,19.1556455,72.8525194,-51.70000076293945,28.56599998474121,null,null,null,1540536157014
0,0,0,4.437164306640625,4.49188232421875,5.0250091552734375,1.5771726416259844,-1.0797163039956157,0.1827212206761811,19.1555578,72.8524798,-52.79999923706055,31.183000564575195,null,null,null,1540536159997
0,0,0,4.0926055908203125,2.7594757080078125,5.209259033203125,1.5771726416259844,-1.0797163039956157,0.1827212206761811,19.1555058,72.8524513,-52.79999923706055,35.19900131225586,null,null,null,1540536162992
-0.0009088516235351562,-0.000995635986328125,0.0019583702087402344,7.672271728515625,5.3748321533203125,6.2931976318359375,1.5771726416259844,-1.0797163039956157,0.1827212206761811,19.154848,72.8526524,-52.79999923706055,24.833999633789062,null,null,null,1540536165974
0,0,0,-2.2100982666015625,4.3602752685546875,0.2513275146484375,1.5771726416259844,-1.0797163039956157,0.1827212206761811,19.15463,72.8527233,-52.79999923706055,22.80299949645996,null,null,null,1540536168777
-0.00079345703125,-0.0009396076202392578,0.0012965202331542969,5.865692138671875,3.0872955322265625,5.82659912109375,1.5771726416259844,-1.0797163039956157,0.1827212206761811,19.1544821,72.8527404,-52.79999923706055,22.797000885009766,null,null,null,1540536172040
-0.001068115234375,-0.0011372566223144531,0.0025010108947753906,9.8018798828125,6.3080291748046875,7.0565185546875,1.5771726416259844,-1.0797163039956157,0.1827212206761811,19.1543651,72.8527755,null,21.7189998626709,null,null,null,1540536174936
0,0,0,8.04315185546875,4.8340606689453125,6.4798431396484375,1.5771726416259844,-1.0797163039956157,0.1827212206761811,19.1542556,72.8528158,null,20.85700035095215,null,null,null,1540536177993
0,0,0,4.6046600341796875,1.8430328369140625,4.1564178466796875,1.5771726416259844,-1.0797163039956157,0.1827212206761811,19.1542053,72.8528378,null,22.1299991607666,null,null,null,1540536180959
-0.000728607177734375,-0.0008237361907958984,0.0014214515686035156,5.67425537109375,3.9965667724609375,5.2259979248046875,1.5771726416259844,-1.0797163039956157,0.1827212206761811,19.1541142,72.8529151,null,22.87299919128418,null,null,null,1540536184031
0,0,0,3.9227142333984375,2.9532928466796875,4.1061553955078125,1.5771726416259844,-1.0797163039956157,0.1827212206761811,19.1539887,72.8530245,null,22.593000411987305,null,null,null,1540536187013
-1.3847079277038574,-2.22634220123291,1.1265809535980225,3.4250030517578125,2.467559814453125,5.02740478515625,1.5771726416259844,-1.0797163039956157,0.1827212206761811,19.1536163,72.8532424,-53,18.59600067138672,null,121,3.0999999046325684,1540536195000
-0.0008416175842285156,-0.0010237693786621094,0.0012140274047851562,5.420623779296875,2.8001556396484375,6.1185302734375,1.5771726416259844,-1.0797163039956157,0.1827212206761811,19.1534347,72.8533176,-53,31.02199935913086,null,null,null,1540536199092
0,0,0,5.346435546875,4.250213623046875,5.855316162109375,1.5771726416259844,-1.0797163039956157,0.1827212206761811,19.1534107,72.8533276,-53,33.88800048828125,null,null,null,1540536202180
0,0,0,5.303375244140625,1.7329559326171875,5.7332763671875,1.5771726416259844,-1.0797163039956157,0.1827212206761811,19.1533735,72.853343,-53,39.66299819946289,null,null,null,1540536204772
-0.0008502006530761719,-0.0010149478912353516,0.0013380050659179688,6.62420654296875,2.9317626953125,6.4319915771484375,1.5771726416259844,-1.0797163039956157,0.1827212206761811,19.1535077,72.8535179,null,36.755001068115234,null,null,null,1540536207742
0,0,0,9.098388671875,8.80853271484375,4.2425537109375,1.5771726416259844,-1.0797163039956157,0.1827212206761811,19.1536144,72.8535719,null,38.72700119018555,null,null,null,1540536210659
0,0,0,10.421615600585938,3.0514068603515625,8.047134399414062,1.5771726416259844,-1.0797163039956157,0.1827212206761811,19.1541948,72.8537921,-52.5,26.72100067138672,null,null,null,1540536213792
0,0,0,5.5330810546875,6.0543975830078125,5.714141845703125,1.5771726416259844,-1.0797163039956157,0.1827212206761811,19.1542984,72.8537789,-51.400001525878906,25.496000289916992,null,null,null,1540536216774
-0.28128957748413086,-0.5318172574043274,0.5273218154907227,5.2961883544921875,0.3475189208984375,4.91253662109375,1.5771726416259844,-1.0797163039956157,0.1827212206761811,19.1543839,72.8537744,-51.400001525878906,24.091999053955078,null,null,null,1540536219738
0,0,0,5.7197265625,1.4290771484375,5.27386474609375,1.5771726416259844,-1.0797163039956157,0.1827212206761811,19.1544591,72.8537667,-51.400001525878906,23.270000457763672,null,null,null,1540536222719
0,0,0,6.4615020751953125,1.44342041015625,6.041961669921875,1.5771726416259844,-1.0797163039956157,0.1827212206761811,19.1545863,72.8538282,-51.400001525878906,21.259000778198242,null,null,null,1540536225707
0,0,0,8.753829956054688,4.6115264892578125,7.5470428466796875,1.5771726416259844,-1.0797163039956157,0.1827212206761811,19.1546269,72.8538395,-51.400001525878906,21.62299919128418,null,null,null,1540536228821
-0.0012502670288085938,-0.0015397071838378906,0.0016908645629882812,7.12908935546875,4.355499267578125,9.233978271484375,1.5771726416259844,-1.0797163039956157,0.1827212206761811,19.1546477,72.8538465,null,23.101999282836914,null,null,null,1540536231786
0,0,0,7.777557373046875,3.8673553466796875,7.508758544921875,1.5771726416259844,-1.0797163039956157,0.1827212206761811,19.1547055,72.8539157,null,28.24799919128418,null,null,null,1540536234758
0,0,0,1.5179290771484375,1.8382415771484375,3.48162841796875,1.5771726416259844,-1.0797163039956157,0.1827212206761811,19.1547933,72.85401,null,38.362998962402344,null,null,null,1540536243578
0,0,0,4.389312744140625,6.597564697265625,5.97735595703125,1.5771726416259844,-1.0797163039956157,0.1827212206761811,19.155254,72.8544727,null,42.38999938964844,null,null,null,1540536246727
0,0,0,9.069671630859375,3.8147125244140625,6.735870361328125,1.5771726416259844,-1.0797163039956157,0.1827212206761811,19.1556715,72.8548217,null,31.371000289916992,null,null,null,1540536249500
-0.0007801055908203125,-0.0008511543273925781,0.0017008781433105469,7.4832305908203125,4.080322265625,5.474853515625,1.5771726416259844,-1.0797163039956157,0.1827212206761811,19.1558641,72.8549934,null,27.13599967956543,null,null,null,1540536252723
-0.0007076263427734375,-0.0007770061492919922,0.0015168190002441406,7.263092041015625,3.3624725341796875,5.11114501953125,1.5771726416259844,-1.0797163039956157,0.1827212206761811,19.155919,72.8549992,null,29.409000396728516,null,null,null,1540536261305
0,0,0,1.106353759765625,8.06915283203125,4.072662353515625,1.5771726416259844,-1.0797163039956157,0.1827212206761811,19.1559311,72.8549866,null,28.400999069213867,null,null,null,1540536264345
0,0,0,4.671661376953125,5.4442291259765625,5.03936767578125,1.5771726416259844,-1.0797163039956157,0.1827212206761811,19.1559632,72.8549621,null,31.738000869750977,null,null,null,1540536267356
0.007164955139160156,-0.04819679260253906,0.2273411750793457,4.9803466796875,5.3389434814453125,6.9918975830078125,1.5771726416259844,-1.0797163039956157,0.1827212206761811,19.1560625,72.8549057,null,33.698001861572266,null,null,null,1540536270371
0,0,0,5.444549560546875,5.60455322265625,5.807464599609375,1.5771726416259844,-1.0797163039956157,0.1827212206761811,19.1561489,72.8548812,null,39.21200180053711,null,null,null,1540536273659
-0.0009026527404785156,-0.0009770393371582031,0.002017498016357422,7.5717620849609375,5.137939453125,5.8768463134765625,1.5771726416259844,-1.0797163039956157,0.1827212206761811,19.1561484,72.8549354,null,51.22700119018555,null,null,null,1540536275578
-0.4586029052734375,-0.027958393096923828,0.08471918106079102,5.707763671875,5.446624755859375,5.5586090087890625,1.5771726416259844,-1.0797163039956157,0.1827212206761811,19.1561476,72.8550309,null,71.1520004272461,null,null,null,1540536278572
0,0,0,5.6718597412109375,3.29547119140625,5.139862060546875,1.5771726416259844,-1.0797163039956157,0.1827212206761811,19.1561469,72.8551151,null,90.98899841308594,null,null,null,1540536281758
0,0,0,6.7558135986328125,4.7646636962890625,5.761993408203125,1.5771726416259844,-1.0797163039956157,0.1827212206761811,19.155716,72.8543872,null,602,null,null,null,1540536284586
-0.8941664695739746,-0.3168313503265381,-0.8583378791809082,5.5330810546875,3.13037109375,5.017822265625,1.5771726416259844,-1.0797163039956157,0.1827212206761811,19.155716,72.8543872,null,602,null,null,null,1540536287564
0,0,0,5.69580078125,4.9393463134765625,5.163787841796875,1.5771726416259844,-1.0797163039956157,0.1827212206761811,19.155716,72.8543872,null,602,null,null,null,1540536290550
0,0,0,5.5474395751953125,6.2003631591796875,5.2379608154296875,1.5771726416259844,-1.0797163039956157,0.1827212206761811,19.155716,72.8543872,null,602,null,null,null,1540536293711
0,0,0,3.6953887939453125,1.0940704345703125,4.484222412109375,1.5771726416259844,-1.0797163039956157,0.1827212206761811,19.155716,72.8543872,null,602,null,null,null,1540536296595
0.005806088447570801,-0.40891551971435547,-0.017390966415405273,1.034576416015625,8.471145629882812,3.098785400390625,1.5771726416259844,-1.0797163039956157,0.1827212206761811,19.1557912,72.8540164,null,602,null,null,null,1540536299560
0,0,0,3.180938720703125,9.55987548828125,2.64654541015625,1.5771726416259844,-1.0797163039956157,0.1827212206761811,19.1559836,72.8541104,null,602,null,null,null,1540536302565
0.06944531202316284,0.5239663124084473,0.43035268783569336,-0.1809844970703125,7.8944854736328125,5.450927734375,1.5771726416259844,-1.0797163039956157,0.1827212206761811,19.1559836,72.8541104,null,602,null,null,null,1540536305608
0,0,0,-1.3845672607421875,9.421096801757812,-1.193939208984375,1.5771726416259844,-1.0797163039956157,0.1827212206761811,19.1559836,72.8541104,null,602,null,null,null,1540536308585
0,0,0,1.3432464599609375,9.567062377929688,1.08642578125,1.5771726416259844,-1.0797163039956157,0.1827212206761811,19.1556359,72.8534827,null,602,null,null,null,1540536311796
0,0,0,-4.7440948486328125,7.8250885009765625,-5.0320281982421875,1.5771726416259844,-1.0797163039956157,0.1827212206761811,19.1556359,72.8534827,null,602,null,null,null,1540536317751
