accelerationX,accelerationY,accelerationZ,accelerationIncludingGravityX,accelerationIncludingGravityY,accelerationIncludingGravityZ,rotationRateA,rotationRateB,rotationRateG,latitude,longitude,altitude,accuracy,altitudeAccuracy,heading,speed,timestamp
-0.019197605550289154,-0.040196239948272705,-0.06539726257324219,-0.0695343017578125,0.3231658935546875,9.531112670898438,0.28413586947253044,-0.04983306018441303,-0.03322204012294202,19.1562612,72.8543984,null,26.986000061035156,null,null,null,1540371639793
0,0,0,-0.0527801513671875,0.4045257568359375,9.6387939453125,0.28413586947253044,-0.04983306018441303,-0.03322204012294202,19.1562613,72.8543983,null,20.665000915527344,null,null,null,1540371642732
0,0,0,-3.7671356201171875,8.418319702148438,3.6081695556640625,-0.20545209023398356,-0.04983306018441303,0.037593361191750184,19.189989,72.8422277,-56.5,27.513999938964844,null,null,null,1540448209282
0,0,0,1.7100372314453125,8.588211059570312,4.515045166015625,-0.20545209023398356,-0.04983306018441303,0.037593361191750184,19.1900262,72.8422951,-56.70000076293945,35.34299850463867,null,null,null,1540448217593
0,0,0,6.7373504638671875,4.41033935546875,6.3455657958984375,-0.20545209023398356,-0.04983306018441303,0.037593361191750184,19.190023,72.8424416,-56.70000076293945,31.84600067138672,null,null,null,1540448223520
-0.000053882598876953125,0.0002105236053466797,-0.000014781951904296875,7.59637451171875,2.4673614501953125,7.65203857421875,-0.20545209023398356,-0.04983306018441303,0.037593361191750184,19.1900319,72.8424986,-56.70000076293945,32.56100082397461,null,null,null,1540448226508
0,0,0,6.557891845703125,5.4296875,7.094512939453125,-0.20545209023398356,-0.04983306018441303,0.037593361191750184,19.1900233,72.8425355,-56.70000076293945,32.15999984741211,null,null,null,1540448229756
1.9860024452209473,2.8683576583862305,0.9555172920227051,8.06536865234375,5.90106201171875,7.518035888671875,-0.20545209023398356,-0.04983306018441303,0.037593361191750184,19.1900376,72.8426426,-56.70000076293945,34.284000396728516,null,null,null,1540448232880
0,0,0,6.182220458984375,4.15191650390625,6.3599090576171875,-0.20545209023398356,-0.04983306018441303,0.037593361191750184,19.1900868,72.8429783,-56.70000076293945,61.652000427246094,null,null,null,1540448235886
0,0,0,4.2368621826171875,3.5919952392578125,4.6945037841796875,-0.20545209023398356,-0.04983306018441303,0.037593361191750184,19.1901474,72.8432818,null,32.00199890136719,null,null,null,1540448238916
-0.000040531158447265625,0.00015592575073242188,-0.00001621246337890625,5.3351593017578125,1.9553070068359375,5.3333892822265625,-0.20545209023398356,-0.04983306018441303,0.037593361191750184,19.1901771,72.8436577,-72,15.809000015258789,null,null,0,1540448246000
0,0,0,4.4187164306640625,1.354705810546875,4.6466522216796875,-0.20545209023398356,-0.04983306018441303,0.037593361191750184,19.1901832,72.8437517,-72,19.041000366210938,null,null,null,1540448247819
1.7897872924804688,-0.3747141361236572,0.5965743064880371,9.108642578125,2.9004669189453125,6.7619171142578125,-0.20545209023398356,-0.04983306018441303,0.037593361191750184,19.1901839,72.8437618,-72,21.715999603271484,null,null,null,1540448250929
-0.00004673004150390625,0.00015687942504882812,-0.000047206878662109375,5.9692535400390625,3.477142333984375,5.6468505859375,-0.20545209023398356,-0.04983306018441303,0.037593361191750184,19.1901843,72.8437679,-72,24.974000930786133,null,null,null,1540448253902
0,0,0,5.57684326171875,1.2278900146484375,5.8430633544921875,-0.20545209023398356,-0.04983306018441303,0.037593361191750184,19.1902122,72.8438324,null,20.43899917602539,null,null,null,1540448256281
-0.000059604644775390625,0.00020360946655273438,-0.0000553131103515625,6.581817626953125,3.9269866943359375,7.3840484619140625,-0.20545209023398356,-0.04983306018441303,0.037593361191750184,19.1902266,72.8438653,null,20.474000930786133,null,null,null,1540448259312
0.8150944709777832,-0.535825252532959,0.006279468536376953,6.2731475830078125,4.6663665771484375,6.625518798828125,-0.20545209023398356,-0.04983306018441303,0.037593361191750184,19.1903394,72.8441619,-53.099998474121094,18.88800048828125,null,null,null,1540448262277
0,0,0,4.41632080078125,4.766876220703125,4.713653564453125,-0.20545209023398356,-0.04983306018441303,0.037593361191750184,19.1904123,72.8443567,-53.099998474121094,19.655000686645508,null,null,null,1540448265200
-0.00007915496826171875,0.000225067138671875,-0.00013208389282226562,8.295089721679688,7.288909912109375,7.4797515869140625,-0.20545209023398356,-0.04983306018441303,0.037593361191750184,19.1905308,72.844692,-53.099998474121094,20.27199935913086,null,null,null,1540448268511
0,0,0,8.508041381835938,5.647430419921875,7.821929931640625,-0.20545209023398356,-0.04983306018441303,0.037593361191750184,19.1905635,72.8448152,-53.099998474121094,20.600000381469727,null,null,null,1540448271531
0,0,0,5.3710479736328125,3.2282867431640625,7.175872802734375,-0.20545209023398356,-0.04983306018441303,0.037593361191750184,19.1905781,72.8448706,-53.099998474121094,22.367000579833984,null,null,null,1540448273248
0,0,0,5.81134033203125,2.6252899169921875,6.1349945068359375,-0.20545209023398356,-0.04983306018441303,0.037593361191750184,19.1906059,72.8449756,-53.099998474121094,27.809999465942383,null,null,null,1540448276241
0,0,0,4.3852081298828125,4.1303863525390625,5.1922149658203125,-0.20545209023398356,-0.04983306018441303,0.037593361191750184,19.1906185,72.8450229,-53.099998474121094,35.86800003051758,null,null,null,1540448279025
0,0,0,6.7421417236328125,4.099273681640625,6.553741455078125,-0.20545209023398356,-0.04983306018441303,0.037593361191750184,19.1906256,72.8450497,-53.099998474121094,45.652000427246094,null,null,null,1540448282000
-0.6189651489257812,0.5248908996582031,1.078364372253418,2.8896942138671875,1.9217987060546875,3.93359375,-0.20545209023398356,-0.04983306018441303,0.037593361191750184,19.1909233,72.8443756,null,583,null,null,null,1540448284914
0,0,0,7.06756591796875,7.0472259521484375,7.857818603515625,-0.20545209023398356,-0.04983306018441303,0.037593361191750184,19.1909233,72.8443756,null,583,null,null,null,1540448287879
-0.00004100799560546875,0.00016391277313232422,-0.00000667572021484375,6.59857177734375,1.8619842529296875,5.3022918701171875,-0.20545209023398356,-0.04983306018441303,0.037593361191750184,19.1909233,72.8443756,null,583,null,null,null,1540448290872
-0.000044345855712890625,0.00013399124145507812,-0.00006341934204101562,4.727386474609375,3.876739501953125,4.902679443359375,-0.20545209023398356,-0.04983306018441303,0.037593361191750184,19.1906386,72.845133,-53.099998474121094,35.44200134277344,null,null,null,1540448292003
-0.000058650970458984375,0.00019741058349609375,-0.00006008148193359375,5.9788360595703125,4.0442352294921875,7.412750244140625,-0.20545209023398356,-0.04983306018441303,0.037593361191750184,19.1906707,72.8452323,-53.099998474121094,24.79400062561035,null,null,null,1540448298320
0,0,0,5.63665771484375,5.6905059814453125,6.4532318115234375,-0.20545209023398356,-0.04983306018441303,0.037593361191750184,19.1908145,72.8456927,-53.29999923706055,21.149999618530273,null,null,null,1540448301309
-0.00006532669067382812,0.00018930435180664062,-0.00010633468627929688,5.595977783203125,5.9130401611328125,7.12322998046875,-0.20545209023398356,-0.04983306018441303,0.037593361191750184,19.1909072,72.8460968,-53.29999923706055,20.45599937438965,null,null,null,1540448304700
0,0,0,5.67254638671875,6.996978759765625,6.9916229248046875,-0.20545209023398356,-0.04983306018441303,0.037593361191750184,19.1909077,72.8462737,null,20.673999786376953,null,null,null,1540448307601
-0.00004124641418457031,0.00010204315185546875,-0.00009107589721679688,3.00933837890625,4.637664794921875,3.8354949951171875,-0.20545209023398356,-0.04983306018441303,0.037593361191750184,19.1909049,72.8464125,null,21.60700035095215,null,null,null,1540448310654
-0.00007343292236328125,0.0002675056457519531,-0.0000476837158203125,9.359893798828125,4.3194122314453125,9.776870727539062,-0.20545209023398356,-0.04983306018441303,0.037593361191750184,19.1908355,72.8465905,-53,15.586000442504883,null,101,1.75,1540448317000
0,0,0,8.95550537109375,1.9553070068359375,9.63330078125,-0.20545209023398356,-0.04983306018441303,0.037593361191750184,19.190804,72.8466712,-53,21.57699966430664,null,null,null,1540448319662
-0.00006246566772460938,0.00019788742065429688,-0.00007915496826171875,5.83526611328125,4.59698486328125,6.883941650390625,-0.20545209023398356,-0.04983306018441303,0.037593361191750184,19.1908001,72.8466814,-53,24.312999725341797,null,null,null,1540448322454
0,0,0,4.3899993896484375,4.005950927734375,5.8598175048828125,-0.20545209023398356,-0.04983306018441303,0.037593361191750184,19.190755,72.8467878,null,18.892000198364258,null,null,null,1540448325444
-0.00007104873657226562,0.00020837783813476562,-0.00011157989501953125,7.1584930419921875,6.5351715087890625,7.65203857421875,-0.20545209023398356,-0.04983306018441303,0.037593361191750184,19.1906448,72.8468362,null,18.843000411987305,null,null,null,1540448328504
0,0,0,3.8396453857421875,2.6875152587890625,3.8594207763671875,-0.20545209023398356,-0.04983306018441303,0.037593361191750184,19.1905003,72.846834,null,18.899999618530273,null,null,null,1540448331503
-0.00003838539123535156,0.00011730194091796875,-0.00005435943603515625,2.5211944580078125,2.773651123046875,4.2159423828125,-0.20545209023398356,-0.04983306018441303,0.037593361191750184,19.1903856,72.8468096,null,19.00200080871582,null,null,null,1540448334430
0,0,0,5.2298736572265625,4.4653778076171875,5.7617034912109375,-0.20545209023398356,-0.04983306018441303,0.037593361191750184,19.1903129,72.8467988,null,18.981000900268555,null,null,null,1540448337419
0.48011016845703125,-0.07639408111572266,-0.26167821884155273,6.5770416259765625,3.9198150634765625,6.015350341796875,-0.20545209023398356,-0.04983306018441303,0.037593361191750184,19.1902425,72.846781,null,19.33099937438965,null,null,null,1540448340476
0,0,0,9.455596923828125,6.00634765625,7.35772705078125,-0.20545209023398356,-0.04983306018441303,0.037593361191750184,19.1901753,72.8467739,null,20.350000381469727,null,null,null,1540448343464
0,0,0,5.88311767578125,3.8001708984375,5.46978759765625,-0.20545209023398356,-0.04983306018441303,0.037593361191750184,19.19013,72.8467727,null,20.090999603271484,null,null,null,1540448346454
-0.000046253204345703125,0.00016617774963378906,-0.000033855438232421875,7.108245849609375,3.07275390625,5.3740692138671875,-0.20545209023398356,-0.04983306018441303,0.037593361191750184,19.1901194,72.8467835,null,20.38599967956543,null,null,null,1540448349483
0,0,0,6.8306732177734375,4.2260894775390625,6.0919189453125,-0.20545209023398356,-0.04983306018441303,0.037593361191750184,19.1901093,72.8468004,null,20.023000717163086,null,null,null,1540448352520
0,0,0,5.64862060546875,3.2402496337890625,5.5511474609375,-0.20545209023398356,-0.04983306018441303,0.037593361191750184,19.1900195,72.8470798,-53.400001525878906,18.46500015258789,null,null,null,1540448355410
0,0,0,5.13177490234375,3.6278839111328125,6.2474517822265625,-0.20545209023398356,-0.04983306018441303,0.037593361191750184,19.18998,72.847279,-53.400001525878906,18.64299964904785,null,null,null,1540448358347
-2.1743412017822266,-1.630115032196045,-1.236386775970459,3.8396453857421875,3.5321807861328125,5.2137603759765625,-0.20545209023398356,-0.04983306018441303,0.037593361191750184,19.1899459,72.8474661,-53.400001525878906,21.558000564575195,null,null,null,1540448361290
-0.000054836273193359375,0.0001990795135498047,-0.000034809112548828125,6.9383544921875,2.9889984130859375,6.1876373291015625,-0.20545209023398356,-0.04983306018441303,0.037593361191750184,19.1899151,72.8477906,-53.400001525878906,22.69099998474121,null,null,null,1540448364266
0,0,0,8.598968505859375,3.3814239501953125,4.9864349365234375,-0.20545209023398356,-0.04983306018441303,0.037593361191750184,19.1897729,72.8482382,-55,10.592000007629395,null,134,3.299999952316284,1540448371000
0,0,0,7.778228759765625,8.112030029296875,8.539779663085938,-0.20545209023398356,-0.04983306018441303,0.037593361191750184,19.1897488,72.8483142,-55,17.197999954223633,null,null,null,1540448373269
0,0,0,7.2924957275390625,2.3572998046875,6.3168487548828125,-0.20545209023398356,-0.04983306018441303,0.037593361191750184,19.1895793,72.8483729,-56,5.440999984741211,null,131,3.0799999237060547,1540448376345
-0.0000553131103515625,0.00019073486328125,-0.000049591064453125,6.569854736328125,3.541748046875,6.3575286865234375,-0.20545209023398356,-0.04983306018441303,0.037593361191750184,19.1895286,72.8484906,-56,6.432000160217285,null,91,4.449999809265137,1540448379455
0,0,0,6.6081390380859375,5.7000732421875,6.7810516357421875,-0.20545209023398356,-0.04983306018441303,0.037593361191750184,19.1895282,72.8485137,-56,8.281000137329102,null,null,null,1540448380521
-0.33504724502563477,-0.711298942565918,0.3317232131958008,5.60076904296875,4.03466796875,6.577667236328125,-0.20545209023398356,-0.04983306018441303,0.037593361191750184,19.1895282,72.8485137,-56,12.27400016784668,null,null,null,1540448382311
0,0,0,8.565475463867188,3.0703582763671875,7.9176483154296875,-0.20545209023398356,-0.04983306018441303,0.037593361191750184,19.1895119,72.8485687,null,19.906999588012695,null,null,null,1540448388227
0,0,0,8.146728515625,5.2526092529296875,5.816741943359375,-0.20545209023398356,-0.04983306018441303,0.037593361191750184,19.1894578,72.8486469,null,22.825000762939453,null,null,null,1540448391100
-0.000038623809814453125,0.0001531839370727539,-0.000009059906005859375,4.540740966796875,1.4695587158203125,5.2927093505859375,-0.20545209023398356,-0.04983306018441303,0.037593361191750184,19.1893595,72.8491977,null,21.04800033569336,null,null,null,1540448394729
0,0,0,6.29229736328125,3.347930908203125,5.0582275390625,-0.20545209023398356,-0.04983306018441303,0.037593361191750184,19.1893094,72.8495241,null,26.385000228881836,null,null,null,1540448397603
0,0,0,4.7919921875,5.2454376220703125,5.76409912109375,-0.20545209023398356,-0.04983306018441303,0.037593361191750184,19.189241,72.8497239,null,27.427000045776367,null,null,null,1540448400677
-0.0000591278076171875,0.00015735626220703125,-0.00011491775512695312,4.9714508056640625,6.13555908203125,5.852630615234375,-0.20545209023398356,-0.04983306018441303,0.037593361191750184,19.1892179,72.84979,null,27.74799919128418,null,null,null,1540448403694
-0.8135967254638672,0.12140500545501709,-0.3158440589904785,6.4095458984375,1.48870849609375,5.3621063232421875,-0.20545209023398356,-0.04983306018441303,0.037593361191750184,19.1891915,72.8498293,null,27.14699935913086,null,null,null,1540448406769
-0.0000591278076171875,0.00020742416381835938,-0.000048160552978515625,6.9359588623046875,3.565673828125,6.8791656494140625,-0.20545209023398356,-0.04983306018441303,0.037593361191750184,19.1891171,72.8498812,null,27.39299964904785,null,null,null,1540448409770
-0.00004482269287109375,0.0001537799835205078,-0.000041484832763671875,5.4930877685546875,3.113433837890625,5.5989990234375,-0.20545209023398356,-0.04983306018441303,0.037593361191750184,19.1890882,72.8498932,null,24.134000778198242,null,null,null,1540448413167
-0.000058650970458984375,0.00015974044799804688,-0.00010728836059570312,5.1245880126953125,5.578033447265625,5.4913177490234375,-0.20545209023398356,-0.04983306018441303,0.037593361191750184,19.1890111,72.8498758,null,20.579999923706055,null,null,null,1540448415805
-0.00006079673767089844,0.00013589859008789062,-0.00015163421630859375,2.2268829345703125,6.551910400390625,4.96490478515625,-0.20545209023398356,-0.04983306018441303,0.037593361191750184,19.188943,72.8498623,null,19.79599952697754,null,null,null,1540448418755
0,0,0,2.94952392578125,6.516021728515625,4.4576263427734375,-0.20545209023398356,-0.04983306018441303,0.037593361191750184,19.1889131,72.8498608,null,19.527999877929688,null,null,null,1540448421892
0.28343701362609863,0.4368915557861328,0.04273080825805664,2.1455230712890625,8.834671020507812,4.30926513671875,-0.20545209023398356,-0.04983306018441303,0.037593361191750184,19.1888967,72.849856,null,19.447999954223633,null,null,null,1540448424323
-0.028780460357666016,0.617551326751709,-1.0385632514953613,6.6655731201171875,6.0207061767578125,5.862213134765625,-0.20545209023398356,-0.04983306018441303,0.037593361191750184,19.1887867,72.8498651,-51.900001525878906,19.30500030517578,null,null,null,1540448427473
0,0,0,5.619903564453125,4.029876708984375,5.792816162109375,-0.20545209023398356,-0.04983306018441303,0.037593361191750184,19.1887039,72.8498739,null,20.35300064086914,null,null,null,1540448430798
0,0,0,6.17742919921875,4.0131378173828125,5.92681884765625,-0.20545209023398356,-0.04983306018441303,0.037593361191750184,19.1886231,72.84988,null,20.743999481201172,null,null,null,1540448433904
0,0,0,6.218109130859375,3.6805267333984375,5.5870361328125,-0.20545209023398356,-0.04983306018441303,0.037593361191750184,19.1885327,72.8498904,null,20.798999786376953,null,null,null,1540448436905
0,0,0,5.19158935546875,5.1999664306640625,5.9818572998046875,-0.20545209023398356,-0.04983306018441303,0.037593361191750184,19.1883416,72.8498773,-56,15.333999633789062,null,171,1.8300000429153442,1540448444000
-0.00006389617919921875,0.00011730194091796875,-0.00019359588623046875,2.9064483642578125,8.5379638671875,4.208770751953125,-0.20545209023398356,-0.04983306018441303,0.037593361191750184,19.1882849,72.8498713,-56,18.533000946044922,null,null,null,1540448445810
0,0,0,2.08331298828125,8.277145385742188,4.77825927734375,-0.20545209023398356,-0.04983306018441303,0.037593361191750184,19.1882703,72.8498697,-56,21.222000122070312,null,null,null,1540448448947
0,0,0,1.3176116943359375,8.86578369140625,3.6799468994140625,-0.20545209023398356,-0.04983306018441303,0.037593361191750184,19.1882417,72.8498759,null,17.413999557495117,null,null,null,1540448451979
-0.00005817413330078125,0.00011014938354492188,-0.00017118453979492188,2.1742401123046875,7.8895111083984375,4.3403778076171875,-0.20545209023398356,-0.04983306018441303,0.037593361191750184,19.1882033,72.8498774,null,18.291000366210938,null,null,null,1540448454965
0,0,0,4.2272796630859375,7.032867431640625,4.936187744140625,-0.20545209023398356,-0.04983306018441303,0.037593361191750184,19.1881386,72.8498782,null,19.15399932861328,null,null,null,1540448457908
0,0,0,1.9086456298828125,8.176651000976562,3.7182464599609375,-0.20545209023398356,-0.04983306018441303,0.037593361191750184,19.1880664,72.8498725,-51.400001525878906,19.5310001373291,null,null,null,1540448460904
0,0,0,1.444427490234375,7.9780426025390625,3.189422607421875,-0.20545209023398356,-0.04983306018441303,0.037593361191750184,19.1879673,72.8498824,-51.400001525878906,20.007999420166016,null,null,null,1540448463910
-1.628772258758545,-1.3558378219604492,-0.09911465644836426,0.7888031005859375,7.652618408203125,3.060211181640625,-0.20545209023398356,-0.04983306018441303,0.037593361191750184,19.1879166,72.8498992,-51.400001525878906,20.141000747680664,null,null,null,1540448466941
0,0,0,5.8567962646484375,1.775848388671875,5.9004974365234375,-0.20545209023398356,-0.04983306018441303,0.037593361191750184,19.1878856,72.8499307,-51.79999923706055,20.110000610351562,null,null,null,1540448469943
0,0,0,7.0986785888671875,4.0801239013671875,5.78802490234375,-0.20545209023398356,-0.04983306018441303,0.037593361191750184,19.1878521,72.8499643,-51.79999923706055,19.700000762939453,null,null,null,1540448472966
0,0,0,5.9142303466796875,5.1880035400390625,6.3886260986328125,-0.20545209023398356,-0.04983306018441303,0.037593361191750184,19.1878297,72.8499866,-51.79999923706055,19.391000747680664,null,null,null,1540448475887
-0.09522533416748047,-0.26537132263183594,0.28142881393432617,3.3826141357421875,7.5377655029296875,4.56768798828125,-0.20545209023398356,-0.04983306018441303,0.037593361191750184,19.1878254,72.8499938,-51.79999923706055,19.231000900268555,null,null,null,1540448477694
0,0,0,8.823898315429688,6.81512451171875,5.8095703125,-0.20545209023398356,-0.04983306018441303,0.037593361191750184,19.1878058,72.8500011,-51.79999923706055,20.202999114990234,null,null,null,1540448481680
-0.000041484832763671875,0.0001544952392578125,-0.00002193450927734375,5.7754364013671875,2.28790283203125,5.2281036376953125,-0.20545209023398356,-0.04983306018441303,0.037593361191750184,19.1877538,72.8499948,null,19.69700050354004,null,null,null,1540448483039
0,0,0,6.8187103271484375,3.3287811279296875,5.4434661865234375,-0.20545209023398356,-0.04983306018441303,0.037593361191750184,19.1876722,72.8499822,null,20.635000228881836,null,null,null,1540448487256
0,0,0,6.392791748046875,5.04443359375,6.237884521484375,-0.20545209023398356,-0.04983306018441303,0.037593361191750184,19.1875003,72.8499705,null,28.322999954223633,null,null,null,1540448489514
0,0,0,6.763671875,4.0155181884765625,5.979461669921875,-0.20545209023398356,-0.04983306018441303,0.037593361191750184,19.1875003,72.8499705,null,24.19499969482422,null,null,null,1540448492592
0,0,0,6.78521728515625,4.3289794921875,5.5678863525390625,-0.20545209023398356,-0.04983306018441303,0.037593361191750184,19.1875075,72.8499638,null,22.077999114990234,null,null,null,1540448496364
0,0,0,7.168060302734375,4.1902008056640625,6.072784423828125,-0.20545209023398356,-0.04983306018441303,0.037593361191750184,19.1875091,72.849961,null,20.77199935913086,null,null,null,1540448498654
0,0,0,5.325592041015625,3.6039581298828125,5.687530517578125,-0.20545209023398356,-0.04983306018441303,0.037593361191750184,19.1875093,72.849957,null,21.195999145507812,null,null,null,1540448501689
0,0,0,7.4217071533203125,3.209136962890625,5.8143463134765625,-0.20545209023398356,-0.04983306018441303,0.037593361191750184,19.1875016,72.849954,null,21.256999969482422,null,null,null,1540448505664
0,0,0,5.9692535400390625,3.9437408447265625,6.350341796875,-0.20545209023398356,-0.04983306018441303,0.037593361191750184,19.1873744,72.8500114,-50.20000076293945,21.715999603271484,null,null,null,1540448508766
-0.000041484832763671875,0.00015497207641601562,-0.000020503997802734375,6.5315704345703125,2.3907928466796875,4.96490478515625,-0.20545209023398356,-0.04983306018441303,0.037593361191750184,19.1872978,72.8500475,-50.20000076293945,20.408000946044922,null,null,null,1540448511176
0,0,0,6.8713531494140625,3.7451324462890625,5.9076690673828125,-0.20545209023398356,-0.04983306018441303,0.037593361191750184,19.1872164,72.8500708,-50.20000076293945,20.086000442504883,null,null,null,1540448514223
-0.000042438507080078125,0.00012826919555664062,-0.00006103515625,5.1820220947265625,3.876739501953125,4.5629119873046875,-0.20545209023398356,-0.04983306018441303,0.037593361191750184,19.1871104,72.8500734,null,20.385000228881836,null,null,null,1540448517303
0,0,0,4.7728424072265625,3.8671722412109375,4.6155548095703125,-0.20545209023398356,-0.04983306018441303,0.037593361191750184,19.1863822,72.850377,-63,21.440000534057617,null,157,6.860000133514404,1540448525000
0,0,0,4.796783447265625,5.8388519287109375,5.19940185546875,-0.20545209023398356,-0.04983306018441303,0.037593361191750184,19.1863822,72.850377,-63,27.49799919128418,null,null,null,1540448525476
0,0,0,10.730972290039062,4.508453369140625,7.3266143798828125,-0.20545209023398356,-0.04983306018441303,0.037593361191750184,19.1863822,72.850377,-63,33.97700119018555,null,null,null,1540448529308
0,0,0,6.5770416259765625,5.17364501953125,5.933990478515625,-0.20545209023398356,-0.04983306018441303,0.037593361191750184,19.1863822,72.850377,-63,40.380001068115234,null,null,null,1540448532284
-0.00004100799560546875,0.0001468658447265625,-0.00002956390380859375,6.251617431640625,2.7880096435546875,5.1658935546875,-0.20545209023398356,-0.04983306018441303,0.037593361191750184,19.1863038,72.8501769,null,24.03499984741211,null,null,null,1540448535320
-0.0000553131103515625,0.00019311904907226562,-0.000046253204345703125,7.9744415283203125,3.9269866943359375,6.8671875,-0.20545209023398356,-0.04983306018441303,0.037593361191750184,19.1862849,72.8501508,-47.29999923706055,26.665000915527344,null,null,null,1540448538300
-1.5309324264526367,-0.5146656036376953,-2.0370588302612305,8.6875,6.0135345458984375,7.2763671875,-0.20545209023398356,-0.04983306018441303,0.037593361191750184,19.1862671,72.8501511,-47.29999923706055,24.878999710083008,null,null,null,1540448541284
-0.000035762786865234375,0.00013327598571777344,-0.00002002716064453125,5.7563018798828125,2.2544097900390625,4.6753692626953125,-0.20545209023398356,-0.04983306018441303,0.037593361191750184,19.1862504,72.8501562,-47.29999923706055,23.493000030517578,null,null,null,1540448544265
-0.00004673004150390625,0.00016736984252929688,-0.000034332275390625,5.619903564453125,2.8406524658203125,6.16131591796875,-0.20545209023398356,-0.04983306018441303,0.037593361191750184,19.1862345,72.8501477,-47.29999923706055,21.96299934387207,null,null,null,1540448547325
-0.000029087066650390625,0.0001245737075805664,0.000006198883056640625,5.0767364501953125,0.9622802734375,4.4408721923828125,-0.20545209023398356,-0.04983306018441303,0.037593361191750184,19.1862641,72.8501236,null,23.582000732421875,null,null,null,1540448550277
-0.000049114227294921875,0.00016546249389648438,-0.000049591064453125,6.3257904052734375,3.5225982666015625,5.474578857421875,-0.20545209023398356,-0.04983306018441303,0.037593361191750184,19.1859471,72.8501314,null,19.722000122070312,null,null,null,1540448553186
-0.000049114227294921875,0.00016260147094726562,-0.000053882598876953125,6.933563232421875,4.0011749267578125,5.7186431884765625,-0.20545209023398356,-0.04983306018441303,0.037593361191750184,19.1857859,72.8501271,null,19.933000564575195,null,null,null,1540448556158
0,0,0,6.84503173828125,5.1592864990234375,5.9315948486328125,-0.20545209023398356,-0.04983306018441303,0.037593361191750184,19.1856446,72.850133,null,19.94099998474121,null,null,null,1540448559330
0,0,0,6.356903076171875,3.17803955078125,4.955322265625,-0.20545209023398356,-0.04983306018441303,0.037593361191750184,19.1853883,72.8501641,null,19.555999755859375,null,null,null,1540448562368
0,0,0,8.661178588867188,5.0635833740234375,6.45562744140625,-0.20545209023398356,-0.04983306018441303,0.037593361191750184,19.1852437,72.8501877,null,21.04599952697754,null,null,null,1540448564149
-0.00005626678466796875,0.00017309188842773438,-0.00008058547973632812,9.986801147460938,5.8197174072265625,5.4961090087890625,-0.20545209023398356,-0.04983306018441303,0.037593361191750184,19.1850826,72.8501635,-43.20000076293945,21.308000564575195,null,null,null,1540448568207
0,0,0,6.732574462890625,3.2474212646484375,4.6298980712890625,-0.20545209023398356,-0.04983306018441303,0.037593361191750184,19.1850402,72.850153,-43.20000076293945,22.75,null,null,null,1540448570058
-0.00006008148193359375,0.00016069412231445312,-0.00011491775512695312,5.572052001953125,6.2910919189453125,5.886138916015625,-0.20545209023398356,-0.04983306018441303,0.037593361191750184,19.1848521,72.8500918,-43.20000076293945,23.011999130249023,null,null,null,1540448573965
0,0,0,6.452606201171875,2.4362640380859375,5.393218994140625,-0.20545209023398356,-0.04983306018441303,0.037593361191750184,19.1847109,72.8500594,-43.20000076293945,21.392000198364258,null,null,null,1540448576185
0,0,0,5.356689453125,4.4605865478515625,5.2496490478515625,-0.20545209023398356,-0.04983306018441303,0.037593361191750184,19.1846649,72.8500546,-43.20000076293945,21.42300033569336,null,null,null,1540448579130
0,0,0,8.386016845703125,7.0065460205078125,7.5491485595703125,-0.20545209023398356,-0.04983306018441303,0.037593361191750184,19.1846357,72.8500515,-43.20000076293945,21.44300079345703,null,null,null,1540448582081
0,0,0,2.4542083740234375,9.10028076171875,3.1104583740234375,-0.20545209023398356,-0.04983306018441303,0.037593361191750184,19.1846098,72.8500488,-43.20000076293945,22.41900062561035,null,null,null,1540448585102
0,0,0,6.9957733154296875,5.1712646484375,5.393218994140625,-0.20545209023398356,-0.04983306018441303,0.037593361191750184,19.1846001,72.8500478,-43.20000076293945,22.266000747680664,null,null,null,1540448586322
0,0,0,6.2037506103515625,5.4344635009765625,5.75213623046875,-0.20545209023398356,-0.04983306018441303,0.037593361191750184,19.1843549,72.8500289,-43.79999923706055,20.520000457763672,null,null,null,1540448592288
0,0,0,6.9000701904296875,8.612136840820312,7.5347900390625,-0.20545209023398356,-0.04983306018441303,0.037593361191750184,19.184133,72.8500012,-43.79999923706055,19.753999710083008,null,null,null,1540448595228
0,0,0,8.48651123046875,5.84124755859375,7.939178466796875,-0.20545209023398356,-0.04983306018441303,0.037593361191750184,19.1840006,72.8499876,-43.79999923706055,20.011999130249023,null,null,null,1540448598298
0,0,0,6.404754638671875,3.0057525634765625,5.01275634765625,-0.20545209023398356,-0.04983306018441303,0.037593361191750184,19.1838741,72.8499883,-43.79999923706055,19.611000061035156,null,null,null,1540448601290
-0.000055789947509765625,0.00016880035400390625,-0.00008153915405273438,6.263580322265625,5.0300750732421875,6.1014862060546875,-0.20545209023398356,-0.04983306018441303,0.037593361191750184,19.1837232,72.8499991,-43.70000076293945,19.176000595092773,null,null,null,1540448604352
0,0,0,6.90484619140625,5.929779052734375,6.40777587890625,-0.20545209023398356,-0.04983306018441303,0.037593361191750184,19.1836526,72.8500206,-43.70000076293945,19.459999084472656,null,null,null,1540448607221
0,0,0,7.1728515625,4.486907958984375,6.254638671875,-0.20545209023398356,-0.04983306018441303,0.037593361191750184,19.1836059,72.8500317,-43.900001525878906,19.885000228881836,null,null,null,1540448610242
-0.00005817413330078125,0.00015211105346679688,-0.00011682510375976562,6.194183349609375,6.53277587890625,5.3956146240234375,-0.20545209023398356,-0.04983306018441303,0.037593361191750184,19.1835119,72.8500566,null,19.545000076293945,null,null,null,1540448613218
0,0,0,5.2705535888671875,2.68511962890625,4.7854461669921875,-0.20545209023398356,-0.04983306018441303,0.037593361191750184,19.1832397,72.8500352,-45.79999923706055,18.860000610351562,null,null,null,1540448616240
-0.000042438507080078125,0.0001163482666015625,-0.0000782012939453125,4.827880859375,4.5251922607421875,4.12261962890625,-0.20545209023398356,-0.04983306018441303,0.037593361191750184,19.1829773,72.8500287,-46,19.658000946044922,null,null,null,1540448619257
0,0,0,10.278732299804688,5.5684661865234375,6.9748687744140625,-0.20545209023398356,-0.04983306018441303,0.037593361191750184,19.1826111,72.8500182,-46,19.600000381469727,null,null,null,1540448622263
0,0,0,2.8059539794921875,-0.9065093994140625,4.71844482421875,-0.20545209023398356,-0.04983306018441303,0.037593361191750184,19.1825284,72.8500296,-46,19.650999069213867,null,null,null,1540448625333
0.12758994102478027,-1.6031248569488525,1.5839567184448242,3.519012451171875,2.2209014892578125,5.0151519775390625,-0.20545209023398356,-0.04983306018441303,0.037593361191750184,19.1823682,72.8500322,-47.5,20.22800064086914,null,null,null,1540448628292
-0.0000457763671875,0.0001659393310546875,-0.000030040740966796875,6.7828216552734375,2.8597869873046875,5.429107666015625,-0.20545209023398356,-0.04983306018441303,0.037593361191750184,19.1812953,72.8501143,-52,20.368000030517578,null,176,6.440000057220459,1540448636000
1.3239798545837402,-0.13387012481689453,0.8836617469787598,6.897674560546875,4.7118377685546875,5.6851348876953125,-0.20545209023398356,-0.04983306018441303,0.037593361191750184,19.1812953,72.8501143,-52,30.215999603271484,null,null,null,1540448637628
-0.00006532669067382812,0.00017642974853515625,-0.0001220703125,5.971649169921875,6.3078460693359375,5.9411773681640625,-0.20545209023398356,-0.04983306018441303,0.037593361191750184,19.1812953,72.8501143,-52,31.7189998626709,null,null,null,1540448640230
-0.000054836273193359375,0.00019598007202148438,-0.000040531158447265625,7.1537017822265625,3.48431396484375,7.0849456787109375,-0.20545209023398356,-0.04983306018441303,0.037593361191750184,19.1812953,72.8501143,-52,37.97800064086914,null,null,null,1540448643153
-0.00005626678466796875,0.00018262863159179688,-0.00006628036499023438,10.35052490234375,5.1640777587890625,5.429107666015625,-0.20545209023398356,-0.04983306018441303,0.037593361191750184,19.1810545,72.8500668,-48,23.590999603271484,null,null,null,1540448646277
0,0,0,5.2011566162109375,2.2209014892578125,4.419342041015625,-0.20545209023398356,-0.04983306018441303,0.037593361191750184,19.1809238,72.850061,-47.599998474121094,25.44700050354004,null,null,null,1540448649258
0,0,0,7.0651702880859375,7.389404296875,6.254638671875,-0.20545209023398356,-0.04983306018441303,0.037593361191750184,19.1808453,72.8500599,-47.599998474121094,24.972000122070312,null,null,null,1540448652216
0,0,0,7.4097442626953125,5.0300750732421875,5.52960205078125,-0.20545209023398356,-0.04983306018441303,0.037593361191750184,19.1807847,72.8500637,-49.20000076293945,27.690000534057617,null,null,null,1540448655233
0,0,0,6.4956817626953125,7.2865142822265625,5.8669891357421875,-0.20545209023398356,-0.04983306018441303,0.037593361191750184,19.1803845,72.850077,-49.20000076293945,23.437999725341797,null,null,null,1540448658296
0,0,0,6.1487274169921875,3.3503265380859375,4.725616455078125,-0.20545209023398356,-0.04983306018441303,0.037593361191750184,19.1801319,72.85008,-49.20000076293945,20.87299919128418,null,null,null,1540448661238
0,0,0,7.4169158935546875,5.9273834228515625,6.8791656494140625,-0.20545209023398356,-0.04983306018441303,0.037593361191750184,19.1799107,72.8501343,-48.70000076293945,20.878000259399414,null,null,null,1540448664342
-0.000045299530029296875,0.00014257431030273438,-0.00005817413330078125,5.442840576171875,3.8264923095703125,5.1300048828125,-0.20545209023398356,-0.04983306018441303,0.037593361191750184,19.1797109,72.8501917,-49.20000076293945,25.07200050354004,null,null,null,1540448673321
0,0,0,7.9744415283203125,4.604156494140625,5.335784912109375,-0.20545209023398356,-0.04983306018441303,0.037593361191750184,19.1795908,72.850215,-49.20000076293945,22.711999893188477,null,null,null,1540448676420
0,0,0,5.9405517578125,6.05181884765625,5.6420745849609375,-0.20545209023398356,-0.04983306018441303,0.037593361191750184,19.1794969,72.8502405,-49.20000076293945,20.611000061035156,null,null,null,1540448679384
-0.000041484832763671875,0.00012493133544921875,-0.00006151199340820312,6.7780303955078125,5.16168212890625,5.9315948486328125,-0.20545209023398356,-0.04983306018441303,0.037593361191750184,19.1794604,72.8502563,-49.20000076293945,20.10700035095215,null,null,null,1540448682410
0,0,0,6.1846160888671875,4.0609893798828125,6.3766632080078125,-0.20545209023398356,-0.04983306018441303,0.037593361191750184,19.1791621,72.8502512,-48.79999923706055,18.604999542236328,null,null,null,1540448685146
0,0,0,5.160491943359375,4.4940948486328125,5.68035888671875,-0.20545209023398356,-0.04983306018441303,0.037593361191750184,19.1790162,72.8502988,-48.79999923706055,20.128000259399414,null,null,null,1540448688121
0,0,0,6.5842132568359375,2.3716583251953125,5.4434661865234375,-0.20545209023398356,-0.04983306018441303,0.037593361191750184,19.1787624,72.8503075,-48.79999923706055,19.31800079345703,null,null,null,1540448691221
0,0,0,9.314422607421875,6.492095947265625,6.9940185546875,-0.20545209023398356,-0.04983306018441303,0.037593361191750184,19.1786117,72.8503148,-48.79999923706055,19.143999099731445,null,null,null,1540448694112
0,0,0,9.773849487304688,7.0161285400390625,7.070587158203125,-0.20545209023398356,-0.04983306018441303,0.037593361191750184,19.1784457,72.8503281,-48.79999923706055,19.030000686645508,null,null,null,1540448697170
-0.0000514984130859375,0.00015306472778320312,-0.00007772445678710938,6.1606903076171875,4.5993804931640625,5.00079345703125,-0.20545209023398356,-0.04983306018441303,0.037593361191750184,19.1782958,72.8503419,-48.79999923706055,18.790000915527344,null,null,null,1540448700203
1.0479850769042969,0.2857379913330078,-0.0017189979553222656,8.15869140625,7.276947021484375,7.18304443359375,-0.20545209023398356,-0.04983306018441303,0.037593361191750184,19.178185,72.8503528,-48.79999923706055,22.645000457763672,null,null,null,1540448703209
0,0,0,6.6966705322265625,1.7806243896484375,4.4360809326171875,-0.20545209023398356,-0.04983306018441303,0.037593361191750184,19.1781642,72.8503587,-48.79999923706055,27.1200008392334,null,null,null,1540448706451
0,0,0,6.347320556640625,5.0946807861328125,5.464996337890625,-0.20545209023398356,-0.04983306018441303,0.037593361191750184,19.1778273,72.8504099,-48.79999923706055,26.11199951171875,null,null,null,1540448709916
0,0,0,7.931365966796875,5.3052520751953125,6.0536346435546875,-0.20545209023398356,-0.04983306018441303,0.037593361191750184,19.1776845,72.850431,-48.79999923706055,23.902000427246094,null,null,null,1540448712815
0,0,0,6.569854736328125,5.9489288330078125,6.14935302734375,-0.20545209023398356,-0.04983306018441303,0.037593361191750184,19.1775948,72.8504427,-49.599998474121094,24.329999923706055,null,null,null,1540448715851
0,0,0,7.1943817138671875,3.73077392578125,5.922027587890625,-0.20545209023398356,-0.04983306018441303,0.037593361191750184,19.1774652,72.8504293,-49.599998474121094,22.173999786376953,null,null,null,1540448718910
-0.6156558990478516,-0.3908696174621582,-1.2060704231262207,7.9361572265625,3.7020721435546875,6.4628143310546875,-0.20545209023398356,-0.04983306018441303,0.037593361191750184,19.1774284,72.8504228,null,21.24799919128418,null,null,null,1540448721837
-0.057518959045410156,0.341280460357666,0.36537933349609375,7.0986785888671875,5.061187744140625,6.2833404541015625,-0.20545209023398356,-0.04983306018441303,0.037593361191750184,19.1773882,72.8504156,null,21.291000366210938,null,null,null,1540448724813
0,0,0,7.8978729248046875,4.5012664794921875,5.606170654296875,-0.20545209023398356,-0.04983306018441303,0.037593361191750184,19.1773508,72.850402,null,21.05900001525879,null,null,null,1540448727856
-0.0000553131103515625,0.00017595291137695312,-0.00006961822509765625,7.07952880859375,4.4940948486328125,5.744964599609375,-0.20545209023398356,-0.04983306018441303,0.037593361191750184,19.1773047,72.8503901,null,20.90399932861328,null,null,null,1540448730869
0,0,0,7.05560302734375,4.3026580810546875,5.77606201171875,-0.20545209023398356,-0.04983306018441303,0.037593361191750184,19.1771713,72.8503442,null,20.62299919128418,null,null,null,1540448733877
0,0,0,6.392791748046875,5.2430419921875,5.2281036376953125,-0.20545209023398356,-0.04983306018441303,0.037593361191750184,19.1770631,72.8503027,null,20.77899932861328,null,null,null,1540448736027
0,0,0,4.4952850341796875,3.209136962890625,4.9170379638671875,-0.20545209023398356,-0.04983306018441303,0.037593361191750184,19.176999,72.850274,null,20.85099983215332,null,null,null,1540448738954
-0.0000553131103515625,0.0001735687255859375,-0.000072479248046875,7.1178131103515625,4.838653564453125,6.156524658203125,-0.20545209023398356,-0.04983306018441303,0.037593361191750184,19.1770168,72.8499865,-65,15.189000129699707,null,297,2.6600000858306885,1540448748000
-0.0000591278076171875,0.00017452239990234375,-0.00009012222290039062,7.191986083984375,5.4799346923828125,5.9315948486328125,-0.20545209023398356,-0.04983306018441303,0.037593361191750184,19.1770484,72.8498511,-65,26.391000747680664,null,null,null,1540448750851
0,0,0,6.318603515625,5.719207763671875,4.9337921142578125,-0.20545209023398356,-0.04983306018441303,0.037593361191750184,19.1770514,72.8498381,-65,29.308000564575195,null,null,null,1540448753863
0,0,0,6.175048828125,4.604156494140625,5.3262176513671875,-0.20545209023398356,-0.04983306018441303,0.037593361191750184,19.1769107,72.8496042,-52.29999923706055,20.7549991607666,null,null,null,1540448756970
-0.00004863739013671875,0.0001838207244873047,-0.000024318695068359375,8.039047241210938,2.9172210693359375,5.773681640625,-0.20545209023398356,-0.04983306018441303,0.037593361191750184,19.1768097,72.8494736,-52.29999923706055,20.427000045776367,null,null,null,1540448760670
0,0,0,5.466766357421875,4.451019287109375,5.2209320068359375,-0.20545209023398356,-0.04983306018441303,0.037593361191750184,19.176742,72.8494112,-52.29999923706055,20.152000427246094,null,null,null,1540448763664
0,0,0,8.809539794921875,7.5497283935546875,6.3599090576171875,-0.20545209023398356,-0.04983306018441303,0.037593361191750184,19.1766294,72.8494061,-52.29999923706055,19.72100067138672,null,null,null,1540448766707
-0.00003528594970703125,0.00010132789611816406,-0.000058650970458984375,3.6529998779296875,3.4053497314453125,3.6847381591796875,-0.20545209023398356,-0.04983306018441303,0.037593361191750184,19.1763322,72.8494335,-58,8.576000213623047,null,186,5.570000171661377,1540448769365
0,0,0,5.93096923828125,6.03985595703125,5.252044677734375,-0.20545209023398356,-0.04983306018441303,0.037593361191750184,19.1762712,72.8494215,-57,8.517000198364258,null,188,2.819999933242798,1540448772361
-0.000051021575927734375,0.00015115737915039062,-0.00007772445678710938,6.4550018310546875,4.8482208251953125,5.2089691162109375,-0.20545209023398356,-0.04983306018441303,0.037593361191750184,19.1761992,72.8494064,-57,7.965000152587891,null,189,2.8299999237060547,1540448775364
-0.000054836273193359375,0.00015354156494140625,-0.00009489059448242188,6.0458221435546875,5.554107666015625,5.4961090087890625,-0.20545209023398356,-0.04983306018441303,0.037593361191750184,19.1761746,72.8494012,-57,12.100000381469727,null,null,null,1540448778613
0,0,0,5.39019775390625,4.850616455078125,5.4386749267578125,-0.20545209023398356,-0.04983306018441303,0.037593361191750184,19.1761679,72.8493997,-57,16.51300048828125,null,null,null,1540448781622
0,0,0,7.6107330322265625,3.5345611572265625,5.4434661865234375,-0.20545209023398356,-0.04983306018441303,0.037593361191750184,19.1761134,72.8493804,-50.70000076293945,14.963000297546387,null,null,null,1540448784590
0,0,0,7.694488525390625,4.9463348388671875,5.862213134765625,-0.20545209023398356,-0.04983306018441303,0.037593361191750184,19.1760657,72.8493635,-50.70000076293945,18.195999145507812,null,null,null,1540448786430
-1.9398374557495117,-2.7308497428894043,-0.7993154525756836,4.3541107177734375,2.4362640380859375,4.2709808349609375,-0.20545209023398356,-0.04983306018441303,0.037593361191750184,19.1759011,72.8493474,null,21.488000869750977,null,null,null,1540448790325
0,0,0,5.21551513671875,2.19219970703125,4.7806549072265625,-0.20545209023398356,-0.04983306018441303,0.037593361191750184,19.1757178,72.8493405,null,27.319000244140625,null,null,null,1540448792664
0,0,0,8.397979736328125,4.8051605224609375,6.9270172119140625,-0.20545209023398356,-0.04983306018441303,0.037593361191750184,19.175412,72.8493575,null,27.547000885009766,null,null,null,1540448795326
-0.000023603439331054688,0.0000940561294555664,-0.0000050067901611328125,3.373046875,1.03167724609375,3.4263153076171875,-0.20545209023398356,-0.04983306018441303,0.037593361191750184,19.1752756,72.8493346,null,25.04199981689453,null,null,null,1540448796681
-0.00007724761962890625,0.00019168853759765625,-0.00016736984252929688,10.683120727539062,9.775054931640625,6.302490234375,-0.20545209023398356,-0.04983306018441303,0.037593361191750184,19.1748528,72.8493485,-50.70000076293945,26.677000045776367,null,null,null,1540448802660
0,0,0,7.07952880859375,4.6544036865234375,5.9124603271484375,-0.20545209023398356,-0.04983306018441303,0.037593361191750184,19.1747942,72.8493556,-50.70000076293945,21.36400032043457,null,null,null,1540448805685
0,0,0,8.8143310546875,2.5487213134765625,5.957916259765625,-0.20545209023398356,-0.04983306018441303,0.037593361191750184,19.1746787,72.8493665,-50.70000076293945,20.121000289916992,null,null,null,1540448808674
0,0,0,7.6346588134765625,3.5632781982421875,5.405181884765625,-0.20545209023398356,-0.04983306018441303,0.037593361191750184,19.1745884,72.8493627,-50.70000076293945,20.839000701904297,null,null,null,1540448810519
0,0,0,6.4143218994140625,4.91522216796875,5.4147491455078125,-0.20545209023398356,-0.04983306018441303,0.037593361191750184,19.1745449,72.8493609,-50.70000076293945,22.792999267578125,null,null,null,1540448812292
0,0,0,9.22589111328125,3.465179443359375,6.1062774658203125,-0.20545209023398356,-0.04983306018441303,0.037593361191750184,19.1744574,72.8493572,-50.70000076293945,28.788999557495117,null,null,null,1540448815326
0,0,0,5.43804931640625,4.33856201171875,4.9912261962890625,-0.20545209023398356,-0.04983306018441303,0.037593361191750184,19.174274,72.849377,-50.70000076293945,25.214000701904297,null,null,null,1540448816485
0,0,0,4.8900909423828125,5.8508148193359375,4.73040771484375,-0.20545209023398356,-0.04983306018441303,0.037593361191750184,19.1741862,72.849384,-50.70000076293945,23.45800018310547,null,null,null,1540448819618
0,0,0,6.4932861328125,2.627685546875,3.2396697998046875,-0.20545209023398356,-0.04983306018441303,0.037593361191750184,19.1739476,72.8494011,-50.70000076293945,21.775999069213867,null,null,null,1540448822551
0,0,0,8.412338256835938,3.5752410888671875,6.414947509765625,-0.20545209023398356,-0.04983306018441303,0.037593361191750184,19.1737632,72.8494447,null,21.06999969482422,null,null,null,1540448828533
-0.000042438507080078125,0.00012922286987304688,-0.00006151199340820312,6.744537353515625,4.276336669921875,4.326019287109375,-0.20545209023398356,-0.04983306018441303,0.037593361191750184,19.1736183,72.8494741,null,20.80900001525879,null,null,null,1540448831553
0,0,0,9.314422607421875,4.8410491943359375,6.6231231689453125,-0.20545209023398356,-0.04983306018441303,0.037593361191750184,19.1735218,72.8494861,null,21.240999221801758,null,null,null,1540448834520
-0.0000476837158203125,0.00013828277587890625,-0.00007724761962890625,6.57464599609375,4.91522216796875,4.7447662353515625,-0.20545209023398356,-0.04983306018441303,0.037593361191750184,19.1734165,72.8494792,null,21.163999557495117,null,null,null,1540448837561
-0.000049114227294921875,0.00016617774963378906,-0.000048160552978515625,7.203948974609375,3.8097381591796875,5.821533203125,-0.20545209023398356,-0.04983306018441303,0.037593361191750184,19.173284,72.8494816,null,20.933000564575195,null,null,null,1540448841035
0,0,0,4.7201995849609375,5.7144317626953125,4.7232208251953125,-0.20545209023398356,-0.04983306018441303,0.037593361191750184,19.1729556,72.8495845,null,19.606000900268555,null,null,null,1540448844013
0,0,0,10.62091064453125,5.412933349609375,6.6111602783203125,-0.20545209023398356,-0.04983306018441303,0.037593361191750184,19.1727762,72.8496302,null,20.7450008392334,null,null,null,1540448847570
0,0,0,5.789794921875,3.9389495849609375,4.701690673828125,-0.20545209023398356,-0.04983306018441303,0.037593361191750184,19.1725428,72.849647,null,20.972999572753906,null,null,null,1540448850632
-0.000046253204345703125,0.00014066696166992188,-0.00006628036499023438,5.4954833984375,4.17584228515625,5.04864501953125,-0.20545209023398356,-0.04983306018441303,0.037593361191750184,19.1722595,72.8496581,null,21.43000030517578,null,null,null,1540448853687
-1.3388481140136719,0.5003013610839844,-0.6449441909790039,12.46337890625,9.526199340820312,7.4893341064453125,-0.20545209023398356,-0.04983306018441303,0.037593361191750184,19.1719534,72.8496474,null,21.049999237060547,null,null,null,1540448856701
0,0,0,6.921600341796875,4.264373779296875,5.1539306640625,-0.20545209023398356,-0.04983306018441303,0.037593361191750184,19.1716543,72.8496413,null,20.238000869750977,null,null,null,1540448859627
0,0,0,6.3209991455078125,4.321807861328125,5.0558319091796875,-0.20545209023398356,-0.04983306018441303,0.037593361191750184,19.1702567,72.849585,-54,18.224000930786133,null,183,10.25,1540448868000
-0.00004863739013671875,0.00015497207641601562,-0.00006008148193359375,8.010330200195312,4.520416259765625,5.206573486328125,-0.20545209023398356,-0.04983306018441303,0.037593361191750184,19.1702567,72.849585,-54,44.44900131225586,null,null,null,1540448871635
0,0,0,8.728179931640625,6.2408447265625,7.3074798583984375,-0.20545209023398356,-0.04983306018441303,0.037593361191750184,19.1702567,72.849585,-54,47.26499938964844,null,null,null,1540448874700
0,0,0,7.7806243896484375,4.4414520263671875,5.371673583984375,-0.20545209023398356,-0.04983306018441303,0.037593361191750184,19.1703568,72.8496365,null,34.02799987792969,null,null,null,1540448877669
0,0,0,8.520004272460938,5.3746490478515625,5.77606201171875,-0.20545209023398356,-0.04983306018441303,0.037593361191750184,19.1701447,72.8497262,null,34.38999938964844,null,null,null,1540448880554
-0.00004863739013671875,0.00016450881958007812,-0.000051021575927734375,9.079925537109375,4.3888092041015625,5.4147491455078125,-0.20545209023398356,-0.04983306018441303,0.037593361191750184,19.1700252,72.8497351,null,34.459999084472656,null,null,null,1540448883558
0,0,0,5.70843505859375,-0.4829864501953125,4.058013916015625,-0.20545209023398356,-0.04983306018441303,0.037593361191750184,19.1698645,72.8496511,null,35.58599853515625,null,null,null,1540448886152
0,0,0,7.2183074951171875,3.4747467041015625,5.1515350341796875,-0.20545209023398356,-0.04983306018441303,0.037593361191750184,19.1697678,72.8495712,null,39.54899978637695,null,null,null,1540448889027
0,0,0,8.132369995117188,5.0205078125,5.90289306640625,-0.20545209023398356,-0.04983306018441303,0.037593361191750184,19.1696021,72.8495554,null,43.698001861572266,null,null,null,1540448892097
0,0,0,6.7947845458984375,2.7640838623046875,5.6013946533203125,-0.20545209023398356,-0.04983306018441303,0.037593361191750184,19.168924,72.8495305,null,36.10200119018555,null,null,null,1540448898287
-0.000054836273193359375,0.00016736984252929688,-0.00007677078247070312,7.3594818115234375,5.0875091552734375,5.845458984375,-0.20545209023398356,-0.04983306018441303,0.037593361191750184,19.1681329,72.8498256,-64,17.089000701904297,null,null,null,1540448903000
0,0,0,4.904449462890625,4.522796630859375,4.7088623046875,-0.20545209023398356,-0.04983306018441303,0.037593361191750184,19.1680206,72.8498674,-64,18.389999389648438,null,null,null,1540448904374
1.159682273864746,0.5791864395141602,0.523190975189209,6.86895751953125,3.5273895263671875,5.242462158203125,-0.20545209023398356,-0.04983306018441303,0.037593361191750184,19.1679993,72.8498754,-64,24.20400047302246,null,null,null,1540448907385
-0.000036716461181640625,0.00015115737915039062,-0.000001430511474609375,5.8017578125,1.459991455078125,5.1970062255859375,-0.20545209023398356,-0.04983306018441303,0.037593361191750184,19.1679812,72.8498821,-64,30.292999267578125,null,null,null,1540448910171
-0.000035762786865234375,0.00014412403106689453,-0.000005245208740234375,5.584014892578125,1.5580902099609375,4.7399749755859375,-0.20545209023398356,-0.04983306018441303,0.037593361191750184,19.1678505,72.8501284,null,21.628999710083008,null,null,null,1540448913292
0,0,0,3.9329681396484375,-1.1457977294921875,5.510467529296875,-0.20545209023398356,-0.04983306018441303,0.037593361191750184,19.1677828,72.8502616,null,20.0939998626709,null,null,null,1540448916375
0,0,0,3.8109283447265625,1.6633758544921875,3.4023895263671875,-0.20545209023398356,-0.04983306018441303,0.037593361191750184,19.1677455,72.8503952,-49.400001525878906,19.048999786376953,null,null,null,1540448919225
0,0,0,5.1006622314453125,5.190399169921875,6.063201904296875,-0.20545209023398356,-0.04983306018441303,0.037593361191750184,19.1677238,72.850512,-50.400001525878906,19.344999313354492,null,null,null,1540448922665
-0.000035762786865234375,0.0001266002655029297,-0.00002765655517578125,5.3710479736328125,2.48651123046875,4.46002197265625,-0.20545209023398356,-0.04983306018441303,0.037593361191750184,19.1676139,72.8505351,-53,17.881000518798828,null,187,2.200000047683716,1540448931000
-0.7529892921447754,0.48192858695983887,-0.6429057121276855,6.5291748046875,3.993988037109375,5.2927093505859375,-0.20545209023398356,-0.04983306018441303,0.037593361191750184,19.167511,72.8505566,-53,29.676000595092773,null,null,null,1540448934646
-0.000057697296142578125,0.00017213821411132812,-0.00008821487426757812,5.9812164306640625,5.2406463623046875,6.321624755859375,-0.20545209023398356,-0.04983306018441303,0.037593361191750184,19.1674934,72.8505603,-53,32.755001068115234,null,null,null,1540448937651
0,0,0,7.6035614013671875,5.202362060546875,4.931396484375,-0.20545209023398356,-0.04983306018441303,0.037593361191750184,19.1675341,72.8506366,-50.400001525878906,21.857999801635742,null,null,null,1540448940647
-0.000031948089599609375,0.00012350082397460938,-0.000011444091796875,6.404754638671875,2.0438385009765625,4.1824493408203125,-0.20545209023398356,-0.04983306018441303,0.037593361191750184,19.1673513,72.8506066,-50,20.68600082397461,null,null,null,1540448943677
-0.0000400543212890625,0.000125885009765625,-0.000051975250244140625,7.4193115234375,4.7812347412109375,5.850250244140625,-0.20545209023398356,-0.04983306018441303,0.037593361191750184,19.1671938,72.8505852,-50,20.31800079345703,null,null,null,1540448946540
-0.000056743621826171875,0.00018644332885742188,-0.000064849853515625,6.86895751953125,4.381622314453125,6.5250244140625,-0.20545209023398356,-0.04983306018441303,0.037593361191750184,19.1671179,72.8505566,null,19.95800018310547,null,null,null,1540448949675
0,0,0,5.7993621826171875,3.69488525390625,4.996002197265625,-0.20545209023398356,-0.04983306018441303,0.037593361191750184,19.1670515,72.8505572,null,20.049999237060547,null,null,null,1540448952609
-0.000048160552978515625,0.00016951560974121094,-0.000036716461181640625,7.7399444580078125,3.3527069091796875,5.3549346923828125,-0.20545209023398356,-0.04983306018441303,0.037593361191750184,19.1670235,72.8505975,null,20.53700065612793,null,null,null,1540448955637
0,0,0,7.9122314453125,3.560882568359375,5.54156494140625,-0.20545209023398356,-0.04983306018441303,0.037593361191750184,19.1669232,72.8506857,-50,20.89900016784668,null,null,null,1540448958626
0,0,0,7.026885986328125,4.027496337890625,5.7832489013671875,-0.20545209023398356,-0.04983306018441303,0.037593361191750184,19.1668242,72.8507741,-50,20.211999893188477,null,null,null,1540448961627
0,0,0,6.3856048583984375,0.8426361083984375,5.0271148681640625,-0.20545209023398356,-0.04983306018441303,0.037593361191750184,19.1667501,72.8508437,-50,20.176000595092773,null,null,null,1540448964651
0,0,0,5.6988677978515625,3.44842529296875,4.8332977294921875,-0.20545209023398356,-0.04983306018441303,0.037593361191750184,19.166625,72.8509556,-50,19.94700050354004,null,null,null,1540448967708
-0.0000514984130859375,0.00016164779663085938,-0.00006723403930664062,7.6394500732421875,4.742950439453125,5.582244873046875,-0.20545209023398356,-0.04983306018441303,0.037593361191750184,19.166551,72.8510276,-50,19.865999221801758,null,null,null,1540448970718
0,0,0,6.9168243408203125,5.3052520751953125,5.768890380859375,-0.20545209023398356,-0.04983306018441303,0.037593361191750184,19.1664455,72.8511681,-50,19.70599937438965,null,null,null,1540448973708
0,0,0,4.9594879150390625,2.187408447265625,4.608367919921875,-0.20545209023398356,-0.04983306018441303,0.037593361191750184,19.1663819,72.8512465,-41.20000076293945,19.697999954223633,null,null,null,1540448976411
-0.00004863739013671875,0.0001647472381591797,-0.000045299530029296875,7.34991455078125,3.723602294921875,5.7306060791015625,-0.20545209023398356,-0.04983306018441303,0.037593361191750184,19.1663042,72.8513305,null,19.32900047302246,null,null,null,1540448979435
-0.00005435943603515625,0.00016832351684570312,-0.0000762939453125,8.278335571289062,5.28851318359375,5.7138519287109375,-0.20545209023398356,-0.04983306018441303,0.037593361191750184,19.1662399,72.851466,-61,14.390999794006348,null,143,2.9700000286102295,1540448985000
0,0,0,7.27813720703125,6.2719573974609375,6.3407745361328125,-0.20545209023398356,-0.04983306018441303,0.037593361191750184,19.166209,72.8515308,-61,21.44300079345703,null,null,null,1540448988389
0,0,0,7.249420166015625,3.970062255859375,5.756927490234375,-0.20545209023398356,-0.04983306018441303,0.037593361191750184,19.1662052,72.851539,-61,24.780000686645508,null,null,null,1540448991397
0,0,0,5.397369384765625,3.4699554443359375,5.182647705078125,-0.20545209023398356,-0.04983306018441303,0.037593361191750184,19.1661333,72.8514937,-41.20000076293945,18.540000915527344,null,null,null,1540448994434
0.010687828063964844,-1.7997541427612305,0.20625925064086914,6.0362548828125,2.20416259765625,5.3022918701171875,-0.20545209023398356,-0.04983306018441303,0.037593361191750184,19.1660866,72.8514613,-47.79999923706055,18.780000686645508,null,null,null,1540448997674
0,0,0,6.18939208984375,6.4777374267578125,5.6205291748046875,-0.20545209023398356,-0.04983306018441303,0.037593361191750184,19.1659964,72.8513596,-47.79999923706055,19.219999313354492,null,null,null,1540449000599
-0.000051975250244140625,0.000164031982421875,-0.00006628036499023438,6.6536102294921875,4.4845123291015625,5.8478546142578125,-0.20545209023398356,-0.04983306018441303,0.037593361191750184,19.1658879,72.8512411,-50.900001525878906,19.538999557495117,null,null,null,1540449003664
0,0,0,5.9261932373046875,5.470367431640625,4.6011962890625,-0.20545209023398356,-0.04983306018441303,0.037593361191750184,19.1654426,72.8511012,-53,20.368000030517578,null,196,5.159999847412109,1540449008000
0,0,0,7.6920928955078125,3.4986724853515625,5.7593231201171875,-0.20545209023398356,-0.04983306018441303,0.037593361191750184,19.1654426,72.8511012,-53,23.506999969482422,null,null,null,1540449009134
0,0,0,6.627288818359375,4.802764892578125,6.2426605224609375,-0.20545209023398356,-0.04983306018441303,0.037593361191750184,19.1654426,72.8511012,-53,29.152000427246094,null,null,null,1540449012233
0,0,0,5.7921905517578125,5.214324951171875,5.6013946533203125,-0.20545209023398356,-0.04983306018441303,0.037593361191750184,19.1654426,72.8511012,-53,34.68600082397461,null,null,null,1540449015130
0,0,0,4.3253936767578125,5.8962860107421875,5.2687835693359375,-0.20545209023398356,-0.04983306018441303,0.037593361191750184,19.1654474,72.8511186,null,22.59600067138672,null,null,null,1540449018127
-0.00006008148193359375,0.00011444091796875,-0.00017595291137695312,2.57623291015625,8.19818115234375,4.455230712890625,-0.20545209023398356,-0.04983306018441303,0.037593361191750184,19.1654476,72.8511031,null,23.94700050354004,null,null,null,1540449021132
0,0,0,2.7054443359375,6.60455322265625,3.4669952392578125,-0.20545209023398356,-0.04983306018441303,0.037593361191750184,19.1654377,72.8511034,null,21.93000030517578,null,null,null,1540449024151
0,0,0,2.1742401123046875,5.635467529296875,3.2037811279296875,-0.20545209023398356,-0.04983306018441303,0.037593361191750184,19.1654361,72.8511276,null,22.398000717163086,null,null,null,1540449027185
0,0,0,4.24163818359375,7.78900146484375,4.9816436767578125,-0.20545209023398356,-0.04983306018441303,0.037593361191750184,19.1654484,72.8511359,null,24.264999389648438,null,null,null,1540449036095
-0.00006079673767089844,0.00010395050048828125,-0.00019598007202148438,2.301055908203125,8.966278076171875,4.0316925048828125,-0.20545209023398356,-0.04983306018441303,0.037593361191750184,19.1654439,72.8511401,null,21.98200035095215,null,null,null,1540449039082
-0.00006198883056640625,0.000095367431640625,-0.00021219253540039062,2.6432342529296875,9.674545288085938,3.5842437744140625,-0.20545209023398356,-0.04983306018441303,0.037593361191750184,19.1652454,72.8510582,null,21.493999481201172,null,null,null,1540449043716
0,0,0,7.7327728271484375,3.783416748046875,7.1495513916015625,-0.20545209023398356,-0.04983306018441303,0.037593361191750184,19.1650939,72.8509995,null,20.91699981689453,null,null,null,1540449047212
-0.000033855438232421875,0.00011873245239257812,-0.000027179718017578125,4.8015594482421875,2.3357696533203125,4.2398681640625,-0.20545209023398356,-0.04983306018441303,0.037593361191750184,19.1649535,72.8509719,null,20.37299919128418,null,null,null,1540449051107
-0.0000782012939453125,0.00022983551025390625,-0.00012111663818359375,10.123199462890625,7.6741485595703125,8.030105590820312,-0.20545209023398356,-0.04983306018441303,0.037593361191750184,19.1648366,72.8509595,null,20.09000015258789,null,null,null,1540449054093
1.40449857711792,-0.6146788597106934,-0.10838556289672852,7.98162841796875,2.9483184814453125,5.2496490478515625,-0.20545209023398356,-0.04983306018441303,0.037593361191750184,19.1647608,72.8509435,null,20.191999435424805,null,null,null,1540449057089
0.8964529037475586,-0.3252696990966797,1.106989860534668,8.66357421875,4.9702606201171875,6.73797607421875,-0.20545209023398356,-0.04983306018441303,0.037593361191750184,19.1647021,72.8509361,null,20.4060001373291,null,null,null,1540449060070
-0.000049114227294921875,0.0001506805419921875,-0.00006866455078125,7.156097412109375,4.68072509765625,5.1682891845703125,-0.20545209023398356,-0.04983306018441303,0.037593361191750184,19.1646394,72.8509291,null,19.652999877929688,null,null,null,1540449063133
0,0,0,6.2037506103515625,3.7259979248046875,4.6107635498046875,-0.20545209023398356,-0.04983306018441303,0.037593361191750184,19.1644775,72.8509363,-51.599998474121094,19.128000259399414,null,null,null,1540449066038
0,0,0,6.957489013671875,1.8045501708984375,6.3359832763671875,-0.20545209023398356,-0.04983306018441303,0.037593361191750184,19.1643455,72.850939,-51.599998474121094,19.232999801635742,null,null,null,1540449068957
-0.1059718132019043,-0.37776851654052734,0.696202278137207,6.440643310546875,3.6972808837890625,6.4293060302734375,-0.20545209023398356,-0.04983306018441303,0.037593361191750184,19.1641487,72.8509488,null,19.67300033569336,null,null,null,1540449072027
0,0,0,5.7993621826171875,2.376434326171875,5.3046875,-0.20545209023398356,-0.04983306018441303,0.037593361191750184,19.1638741,72.8509892,-51.5,19.104999542236328,null,null,null,1540449074975
0,0,0,7.7231903076171875,4.204559326171875,6.5609130859375,-0.20545209023398356,-0.04983306018441303,0.037593361191750184,19.1636547,72.851033,-51.5,19.086000442504883,null,null,null,1540449078041
-0.00006198883056640625,0.00018644332885742188,-0.00009250640869140625,8.591796875,5.776641845703125,5.8717803955078125,-0.20545209023398356,-0.04983306018441303,0.037593361191750184,19.1635741,72.8510509,-51.5,19.361000061035156,null,null,null,1540449080980
0,0,0,5.619903564453125,2.3812255859375,4.77825927734375,-0.20545209023398356,-0.04983306018441303,0.037593361191750184,19.1634777,72.8510497,null,19.530000686645508,null,null,null,1540449084045
-0.0000457763671875,0.00014066696166992188,-0.00006341934204101562,6.0625762939453125,4.2069549560546875,4.948150634765625,-0.20545209023398356,-0.04983306018441303,0.037593361191750184,19.1633755,72.851047,null,21.395000457763672,null,null,null,1540449087598
0,0,0,5.9333648681640625,6.092498779296875,5.8430633544921875,-0.20545209023398356,-0.04983306018441303,0.037593361191750184,19.162924,72.8510478,null,20.06999969482422,null,null,null,1540449090585
2.3371057510375977,0.9783177375793457,1.440324306488037,8.735366821289062,6.0565948486328125,7.025115966796875,-0.20545209023398356,-0.04983306018441303,0.037593361191750184,19.1626463,72.8510476,null,19.420000076293945,null,null,null,1540449093254
0,0,0,6.979034423828125,7.406158447265625,6.0655975341796875,-0.20545209023398356,-0.04983306018441303,0.037593361191750184,19.1621016,72.8510408,null,29.37299919128418,null,null,null,1540449095438
0,0,0,6.182220458984375,8.540359497070312,7.1495513916015625,-0.20545209023398356,-0.04983306018441303,0.037593361191750184,19.1621016,72.8510408,null,23.027999877929688,null,null,null,1540449098354
0,0,0,6.005157470703125,2.6540069580078125,5.5080718994140625,-0.20545209023398356,-0.04983306018441303,0.037593361191750184,19.1620171,72.8510206,-35.5,20.56100082397461,null,null,null,1540449102508
0,0,0,7.905059814453125,5.1449432373046875,6.5848388671875,-0.20545209023398356,-0.04983306018441303,0.037593361191750184,19.1619551,72.851009,-35.5,23.097000122070312,null,null,null,1540449104269
2.932342052459717,2.5736870765686035,1.0552000999450684,8.907638549804688,5.589996337890625,5.797607421875,-0.20545209023398356,-0.04983306018441303,0.037593361191750184,19.1618051,72.8509789,-35.5,20.8799991607666,null,null,null,1540449108356
0,0,0,5.5457305908203125,2.94354248046875,4.2996978759765625,-0.20545209023398356,-0.04983306018441303,0.037593361191750184,19.1616134,72.8509304,null,19.56599998474121,null,null,null,1540449110320
0,0,0,9.675735473632812,7.26019287109375,8.503890991210938,-0.20545209023398356,-0.04983306018441303,0.037593361191750184,19.1616007,72.85093,-35.5,19.41200065612793,null,null,null,1540449113239
0,0,0,4.574249267578125,3.5537109375,5.0749664306640625,-0.20545209023398356,-0.04983306018441303,0.037593361191750184,19.1615819,72.8509293,-35.5,20.569000244140625,null,null,null,1540449116058
-0.00004506111145019531,0.00011873245239257812,-0.00008821487426757812,3.6745452880859375,4.44622802734375,4.115447998046875,-0.20545209023398356,-0.04983306018441303,0.037593361191750184,19.1615415,72.8509262,-35.5,19.94099998474121,null,null,null,1540449117573
0,0,0,18.048233032226562,4.9989776611328125,13.119644165039062,-0.20545209023398356,-0.04983306018441303,0.037593361191750184,19.1614284,72.8509167,-35.5,20.302000045776367,null,null,null,1540449120103
-0.000038623809814453125,0.00011610984802246094,-0.00005745887756347656,4.787200927734375,3.453216552734375,3.7541351318359375,-0.20545209023398356,-0.04983306018441303,0.037593361191750184,19.1610405,72.85088,-54.70000076293945,24.39299964904785,null,null,null,1540449126054
0,0,0,5.09588623046875,3.3862152099609375,4.314056396484375,-0.20545209023398356,-0.04983306018441303,0.037593361191750184,19.1605006,72.8508235,-54.70000076293945,22.711999893188477,null,null,null,1540449128985
0,0,0,8.132369995117188,6.5710601806640625,6.625518798828125,-0.20545209023398356,-0.04983306018441303,0.037593361191750184,19.1600614,72.8508094,-54.70000076293945,21.097999572753906,null,null,null,1540449132063
0,0,0,5.103057861328125,2.481719970703125,4.6179351806640625,-0.20545209023398356,-0.04983306018441303,0.037593361191750184,19.1596899,72.8507748,null,20.320999145507812,null,null,null,1540449135081
0,0,0,7.30206298828125,5.025299072265625,6.326416015625,-0.20545209023398356,-0.04983306018441303,0.037593361191750184,19.1595055,72.8507553,null,20.28700065612793,null,null,null,1540449137959
-0.00003719329833984375,0.00012826919555664062,-0.000032901763916015625,4.9906005859375,2.5415496826171875,4.2303009033203125,-0.20545209023398356,-0.04983306018441303,0.037593361191750184,19.1592953,72.8507172,null,19.64900016784668,null,null,null,1540449141088
-0.000049591064453125,0.00016164779663085938,-0.000057220458984375,6.230072021484375,3.807342529296875,5.3429718017578125,-0.20545209023398356,-0.04983306018441303,0.037593361191750184,19.1591533,72.8506863,null,19.549999237060547,null,null,null,1540449144036
0,0,0,5.2825164794921875,3.7570953369140625,4.3834381103515625,-0.20545209023398356,-0.04983306018441303,0.037593361191750184,19.1590188,72.8506657,null,18.975000381469727,null,null,null,1540449147121
-0.00006771087646484375,0.000186920166015625,-0.0001201629638671875,9.53216552734375,7.4731597900390625,6.2929229736328125,-0.20545209023398356,-0.04983306018441303,0.037593361191750184,19.1589498,72.8506786,null,19.19300079345703,null,null,null,1540449150837
0,0,0,7.014923095703125,4.094482421875,5.400390625,-0.20545209023398356,-0.04983306018441303,0.037593361191750184,19.1587819,72.850788,-45,13.569000244140625,null,149,2.059999942779541,1540449158000
-0.000051975250244140625,0.00016736984252929688,-0.00006246566772460938,6.6823272705078125,4.1016693115234375,5.44586181640625,-0.20545209023398356,-0.04983306018441303,0.037593361191750184,19.1587013,72.8508404,-45,18.562000274658203,null,null,null,1540449159773
0,0,0,7.330780029296875,5.2861175537109375,5.5487518310546875,-0.20545209023398356,-0.04983306018441303,0.037593361191750184,19.1586935,72.8508455,-45,21.295000076293945,null,null,null,1540449162828
0,0,0,2.494873046875,4.017913818359375,4.6275177001953125,-0.20545209023398356,-0.04983306018441303,0.037593361191750184,19.1586813,72.8508535,-45,26.305999755859375,null,null,null,1540449165818
-0.000030994415283203125,0.00012755393981933594,-4.76837158203125e-7,6.5794219970703125,1.60595703125,4.278167724609375,-0.20545209023398356,-0.04983306018441303,0.037593361191750184,19.1585748,72.850869,-55.5,20.29400062561035,null,null,null,1540449168734
0,0,0,6.7373504638671875,0.6488189697265625,1.95233154296875,-0.20545209023398356,-0.04983306018441303,0.037593361191750184,19.1578618,72.8511118,-53,17.152000427246094,null,154,7.800000190734863,1540449175000
0,0,0,6.85699462890625,3.8958892822265625,5.7066802978515625,-0.20545209023398356,-0.04983306018441303,0.037593361191750184,19.1578618,72.8511118,-53,33.58399963378906,null,null,null,1540449177801
0,0,0,6.63446044921875,4.8769378662109375,5.170684814453125,-0.20545209023398356,-0.04983306018441303,0.037593361191750184,19.1578618,72.8511118,-53,35.23400115966797,null,null,null,1540449180766
0,0,0,5.8328704833984375,3.642242431640625,4.996002197265625,-0.20545209023398356,-0.04983306018441303,0.037593361191750184,19.157631,72.85121,null,23.39900016784668,null,null,null,1540449183806
0,0,0,7.730377197265625,4.2835235595703125,5.07257080078125,-0.20545209023398356,-0.04983306018441303,0.037593361191750184,19.1575348,72.8512463,null,24.940000534057617,null,null,null,1540449186683
-0.00008106231689453125,0.00020694732666015625,-0.00016641616821289062,9.745132446289062,9.516632080078125,7.0849456787109375,-0.20545209023398356,-0.04983306018441303,0.037593361191750184,19.1575287,72.8512779,null,27.274999618530273,null,null,null,1540449189812
0,0,0,6.5315704345703125,3.6685638427734375,5.0630035400390625,-0.20545209023398356,-0.04983306018441303,0.037593361191750184,19.157126,72.8514207,-52,10.911999702453613,null,169,2.819999933242798,1540449196000
2.2449769973754883,1.9240756034851074,1.5289011001586914,5.7323760986328125,3.8910980224609375,4.524627685546875,-0.20545209023398356,-0.04983306018441303,0.037593361191750184,19.1570218,72.8514523,-52,8.98900032043457,null,160,3.069999933242798,1540449198383
0,0,0,6.816314697265625,4.0131378173828125,4.184844970703125,-0.20545209023398356,-0.04983306018441303,0.037593361191750184,19.1570139,72.8514545,-52,7.603000164031982,null,null,null,1540449198894
0,0,0,9.21392822265625,6.9299774169921875,6.9054718017578125,-0.20545209023398356,-0.04983306018441303,0.037593361191750184,19.1570094,72.8514557,-52,15.145999908447266,null,null,null,1540449204750
0,0,0,10.35052490234375,3.12060546875,6.156524658203125,-0.20545209023398356,-0.04983306018441303,0.037593361191750184,19.1569399,72.8514394,null,15.104000091552734,null,null,null,1540449207781
-0.000045299530029296875,0.00016760826110839844,-0.00002384185791015625,7.689697265625,2.8932952880859375,5.797607421875,-0.20545209023398356,-0.04983306018441303,0.037593361191750184,19.1568017,72.8514157,null,17.156999588012695,null,null,null,1540449210871
-0.000041484832763671875,0.00016570091247558594,-0.00000762939453125,5.0193023681640625,1.52459716796875,6.1828460693359375,-0.20545209023398356,-0.04983306018441303,0.037593361191750184,19.1566932,72.8514445,null,18.625,null,null,null,1540449213858
-0.000052928924560546875,0.00016736984252929688,-0.00006771087646484375,7.402557373046875,4.7022705078125,5.8239288330078125,-0.20545209023398356,-0.04983306018441303,0.037593361191750184,19.1565716,72.8514434,null,19.716999053955078,null,null,null,1540449216858
0,0,0,5.356689453125,8.939956665039062,7.0418701171875,-0.20545209023398356,-0.04983306018441303,0.037593361191750184,19.1564515,72.8514325,null,19.96299934387207,null,null,null,1540449219839
-0.00006175041198730469,0.000156402587890625,-0.00012922286987304688,3.3395538330078125,6.422698974609375,6.1708831787109375,-0.20545209023398356,-0.04983306018441303,0.037593361191750184,19.1562861,72.8514422,null,20.268999099731445,null,null,null,1540449222890
0,0,0,7.9122314453125,7.1931915283203125,6.544158935546875,-0.20545209023398356,-0.04983306018441303,0.037593361191750184,19.156194,72.8514396,null,20.4060001373291,null,null,null,1540449225841
-0.653315544128418,-0.30304622650146484,0.32770252227783203,5.4978790283203125,3.7666778564453125,4.7806549072265625,-0.20545209023398356,-0.04983306018441303,0.037593361191750184,19.1561307,72.8514649,null,19.93600082397461,null,null,null,1540449228879
0,0,0,6.510040283203125,1.436065673828125,4.936187744140625,-0.20545209023398356,-0.04983306018441303,0.037593361191750184,19.1560679,72.8515041,null,19.38800048828125,null,null,null,1540449231829
0,0,0,3.0476226806640625,4.6759490966796875,3.6608123779296875,-0.20545209023398356,-0.04983306018441303,0.037593361191750184,19.1560401,72.8515949,null,22.104000091552734,null,null,null,1540449234417
-1.0038294792175293,-1.53248929977417,-0.5336570739746094,6.2205047607421875,2.211334228515625,3.775665283203125,-0.20545209023398356,-0.04983306018441303,0.037593361191750184,19.1560138,72.8516804,null,25.55699920654297,null,null,null,1540449243307
0,0,0,8.75689697265625,4.03466796875,6.4651947021484375,-0.20545209023398356,-0.04983306018441303,0.037593361191750184,19.1560095,72.8517266,null,23.514999389648438,null,null,null,1540449246316
0,0,0,5.63665771484375,8.25799560546875,6.402984619140625,-0.20545209023398356,-0.04983306018441303,0.037593361191750184,19.156024,72.8518408,null,21.386999130249023,null,null,null,1540449249347
0,0,0,2.02349853515625,9.344345092773438,2.8975067138671875,-0.20545209023398356,-0.04983306018441303,0.037593361191750184,19.1559749,72.8520777,-52.79999923706055,20.486000061035156,null,null,null,1540449252342
0,0,0,4.18182373046875,8.214935302734375,3.8426666259765625,-0.20545209023398356,-0.04983306018441303,0.037593361191750184,19.1559235,72.8522178,-52.79999923706055,20.834999084472656,null,null,null,1540449255253
0,0,0,9.623092651367188,3.9198150634765625,7.1567230224609375,-0.20545209023398356,-0.04983306018441303,0.037593361191750184,19.1559044,72.8522574,-52.79999923706055,22.152999877929688,null,null,null,1540449258296
-0.0000476837158203125,0.0001914501190185547,-0.00000667572021484375,7.450408935546875,2.0893096923828125,6.613555908203125,-0.20545209023398356,-0.04983306018441303,0.037593361191750184,19.1558301,72.8523394,-52.79999923706055,21.718000411987305,null,null,null,1540449261345
-0.000051021575927734375,0.00014066696166992188,-0.00009202957153320312,6.5961761474609375,5.5325775146484375,4.8213348388671875,-0.20545209023398356,-0.04983306018441303,0.037593361191750184,19.1557543,72.8524116,-52.79999923706055,22.400999069213867,null,null,null,1540449264371
-0.00006341934204101562,0.0001850128173828125,-0.00010251998901367188,7.8045501708984375,6.293487548828125,6.532196044921875,-0.20545209023398356,-0.04983306018441303,0.037593361191750184,19.1557377,72.8524848,-52.79999923706055,21.766000747680664,null,null,null,1540449267350
0,0,0,6.533966064453125,3.864776611328125,6.4987030029296875,-0.20545209023398356,-0.04983306018441303,0.037593361191750184,19.1557054,72.8525162,-52.79999923706055,21.35099983215332,null,null,null,1540449270334
0,0,0,6.53875732421875,4.9343719482421875,4.5892333984375,-0.20545209023398356,-0.04983306018441303,0.037593361191750184,19.1556461,72.8524932,-52.79999923706055,23.097999572753906,null,null,null,1540449273334
0,0,0,9.204360961914062,6.9467315673828125,5.5152435302734375,-0.20545209023398356,-0.04983306018441303,0.037593361191750184,19.1555985,72.8524727,-52.79999923706055,26.290000915527344,null,null,null,1540449276407
0,0,0,7.60833740234375,4.4845123291015625,4.431304931640625,-0.20545209023398356,-0.04983306018441303,0.037593361191750184,19.1555349,72.8524486,-52.79999923706055,29.542999267578125,null,null,null,1540449279401
-0.000058650970458984375,0.00018739700317382812,-0.00007200241088867188,6.3425445556640625,4.6233062744140625,6.895904541015625,-0.20545209023398356,-0.04983306018441303,0.037593361191750184,19.155005,72.852583,-52.79999923706055,23.764999389648438,null,null,null,1540449282392
0,0,0,6.0314788818359375,2.134765625,4.292510986328125,-0.20545209023398356,-0.04983306018441303,0.037593361191750184,19.154794,72.8526223,-52.79999923706055,22.774999618530273,null,null,null,1540449285271
0,0,0,7.0364532470703125,4.3529052734375,6.3240203857421875,-0.20545209023398356,-0.04983306018441303,0.037593361191750184,19.1546507,72.8526869,-52.79999923706055,21.874000549316406,null,null,null,1540449288359
0,0,0,6.4215087890625,2.3884124755859375,4.5222320556640625,-0.20545209023398356,-0.04983306018441303,0.037593361191750184,19.1545634,72.852743,null,21.888999938964844,null,null,null,1540449291284
0,0,0,4.5192108154296875,3.0703582763671875,4.1082763671875,-0.20545209023398356,-0.04983306018441303,0.037593361191750184,19.1544633,72.8527797,null,21.860000610351562,null,null,null,1540449294335
0,0,0,6.708648681640625,3.912628173828125,5.134796142578125,-0.20545209023398356,-0.04983306018441303,0.037593361191750184,19.1543366,72.8528179,null,23.322999954223633,null,null,null,1540449297323
-0.00004863739013671875,0.000186920166015625,-0.000014781951904296875,10.369659423828125,3.1182098388671875,5.77606201171875,-0.20545209023398356,-0.04983306018441303,0.037593361191750184,19.154221,72.852856,-53.29999923706055,21.94300079345703,null,null,null,1540449300358
0,0,0,9.513031005859375,7.6119384765625,5.6947174072265625,-0.20545209023398356,-0.04983306018441303,0.037593361191750184,19.1541262,72.8529552,-53.29999923706055,20.635000228881836,null,null,null,1540449303370
0,0,0,9.620712280273438,6.1259918212890625,4.4647979736328125,-0.20545209023398356,-0.04983306018441303,0.037593361191750184,19.1540255,72.8530467,null,20.95800018310547,null,null,null,1540449306382
-1.4772357940673828,-3.447073459625244,-0.44675683975219727,6.90484619140625,1.3977813720703125,5.4602203369140625,-0.20545209023398356,-0.04983306018441303,0.037593361191750184,19.1539283,72.8531714,-49.20000076293945,20.905000686645508,null,null,null,1540449309372
0,0,0,7.2422332763671875,3.8336639404296875,5.5080718994140625,-0.20545209023398356,-0.04983306018441303,0.037593361191750184,19.153828,72.8532475,null,23.78700065612793,null,null,null,1540449312624
0,0,0,8.799972534179688,7.32000732421875,5.5272064208984375,-0.20545209023398356,-0.04983306018441303,0.037593361191750184,19.1538018,72.8533597,null,26.336999893188477,null,null,null,1540449321208
0,0,0,8.718612670898438,3.3742523193359375,6.3647003173828125,-0.20545209023398356,-0.04983306018441303,0.037593361191750184,19.1537924,72.8534834,-52.20000076293945,22.19700050354004,null,null,null,1540449324287
0,0,0,8.338150024414062,4.65679931640625,6.2713775634765625,-0.20545209023398356,-0.04983306018441303,0.037593361191750184,19.1538016,72.8535614,-52.20000076293945,20.591999053955078,null,null,null,1540449327286
0,0,0,8.575042724609375,3.266571044921875,5.7784576416015625,-0.20545209023398356,-0.04983306018441303,0.037593361191750184,19.1538646,72.8536571,-52.20000076293945,20.655000686645508,null,null,null,1540449330284
0,0,0,5.308837890625,2.70904541015625,5.4913177490234375,-0.20545209023398356,-0.04983306018441303,0.037593361191750184,19.1539929,72.853738,-52.5,21.325000762939453,null,null,null,1540449333283
0,0,0,6.7588958740234375,5.1473236083984375,5.4386749267578125,-0.20545209023398356,-0.04983306018441303,0.037593361191750184,19.1540506,72.8537345,-51.400001525878906,23.834999084472656,null,null,null,1540449336290
0,0,0,6.4454345703125,5.3746490478515625,4.2183380126953125,-0.20545209023398356,-0.04983306018441303,0.037593361191750184,19.1542042,72.8537196,-51.400001525878906,26.566999435424805,null,null,null,1540449339268
0,0,0,2.100067138671875,-1.1003265380859375,3.4502410888671875,-0.20545209023398356,-0.04983306018441303,0.037593361191750184,19.1543133,72.8537113,-51.400001525878906,25.937999725341797,null,null,null,1540449342262
0,0,0,4.6077423095703125,-4.1033172607421875,8.188034057617188,-0.20545209023398356,-0.04983306018441303,0.037593361191750184,19.1545055,72.8537841,-51.400001525878906,22.420000076293945,null,null,null,1540449345226
0,0,0,2.2220916748046875,3.14453125,3.5555267333984375,-0.20545209023398356,-0.04983306018441303,0.037593361191750184,19.1545281,72.8537851,-51.400001525878906,26.20800018310547,null,null,null,1540449348286
0,0,0,7.976837158203125,7.769866943359375,5.8191375732421875,-0.20545209023398356,-0.04983306018441303,0.037593361191750184,19.15455,72.853786,-51.400001525878906,30.739999771118164,null,null,null,1540449350349
0,0,0,5.725189208984375,5.513427734375,2.7060699462890625,-0.20545209023398356,-0.04983306018441303,0.037593361191750184,19.1545711,72.8537868,-51.400001525878906,36.12900161743164,null,null,null,1540449353071
0,0,0,9.4029541015625,6.379638671875,4.9266204833984375,-0.20545209023398356,-0.04983306018441303,0.037593361191750184,19.1546513,72.8537901,-51.400001525878906,52.67399978637695,null,null,null,1540449356083
0,0,0,7.7447357177734375,6.8127288818359375,4.067596435546875,-0.20545209023398356,-0.04983306018441303,0.037593361191750184,19.1547333,72.8537935,-51.400001525878906,70.80799865722656,null,null,null,1540449359112
0,0,0,7.6514129638671875,7.5521240234375,6.6446685791015625,-0.20545209023398356,-0.04983306018441303,0.037593361191750184,19.154797,72.8537961,-51.400001525878906,88.36000061035156,null,null,null,1540449362192
0,0,0,6.1965789794921875,6.1786346435546875,4.6179351806640625,-0.20545209023398356,-0.04983306018441303,0.037593361191750184,19.1549227,72.8538171,-51.400001525878906,80.21399688720703,null,null,null,1540449365275
0,0,0,8.55828857421875,2.603759765625,6.2402801513671875,-0.20545209023398356,-0.04983306018441303,0.037593361191750184,19.1551991,72.8539841,-51.400001525878906,51.31399917602539,null,null,null,1540449369269
-1.7244973182678223,-3.100904941558838,-1.4182791709899902,6.064971923828125,3.3574981689453125,4.431304931640625,-0.20545209023398356,-0.04983306018441303,0.037593361191750184,19.1552721,72.8540285,-51.400001525878906,46.14899826049805,null,null,null,1540449372274
3.689713478088379,1.6351749897003174,2.3369741439819336,9.41253662109375,4.3194122314453125,6.4053802490234375,-0.20545209023398356,-0.04983306018441303,0.037593361191750184,19.1556307,72.8545613,null,32.66600036621094,null,null,null,1540449375209
-0.0682826042175293,1.764383316040039,-0.4523434638977051,6.0266876220703125,6.293487548828125,4.6251220703125,-0.20545209023398356,-0.04983306018441303,0.037593361191750184,19.1556715,72.8545907,null,36.858001708984375,null,null,null,1540449378163
0,0,0,7.32598876953125,3.24981689453125,4.5700836181640625,-0.20545209023398356,-0.04983306018441303,0.037593361191750184,19.1557902,72.854674,null,50.21200180053711,null,null,null,1540449381687
0,0,0,6.170257568359375,6.7074432373046875,5.2448577880859375,-0.20545209023398356,-0.04983306018441303,0.037593361191750184,19.156069,72.8547096,null,45.465999603271484,null,null,null,1540449390024
0,0,0,5.3878021240234375,5.695281982421875,5.874176025390625,-0.20545209023398356,-0.04983306018441303,0.037593361191750184,19.1562419,72.8546895,null,38.90399932861328,null,null,null,1540449393153
-0.000055789947509765625,0.00016736984252929688,-0.00008249282836914062,7.7854156494140625,5.2526092529296875,5.412353515625,-0.20545209023398356,-0.04983306018441303,0.037593361191750184,19.1563162,72.8549498,null,26.47100067138672,null,null,null,1540449396163
0,0,0,1.8440399169921875,2.2615814208984375,3.423919677734375,-0.20545209023398356,-0.04983306018441303,0.037593361191750184,19.1563163,72.8550557,null,25.27400016784668,null,null,null,1540449398214
0,0,0,6.921600341796875,4.8290863037109375,5.3022918701171875,-0.20545209023398356,-0.04983306018441303,0.037593361191750184,19.1563163,72.8550683,null,28.538000106811523,null,null,null,1540449401037
0,0,0,6.8474273681640625,3.2689666748046875,4.830902099609375,-0.20545209023398356,-0.04983306018441303,0.037593361191750184,19.1563163,72.8550874,null,34.874000549316406,null,null,null,1540449404248
0,0,0,7.8859100341796875,5.80535888671875,5.5631103515625,-0.20545209023398356,-0.04983306018441303,0.037593361191750184,19.1563163,72.8550929,null,39.60499954223633,null,null,null,1540449407012
0,0,0,7.682525634765625,5.8029632568359375,5.3860321044921875,-0.20545209023398356,-0.04983306018441303,0.037593361191750184,19.1563163,72.8551088,null,52.29100036621094,null,null,null,1540449410039
0,0,0,6.9407501220703125,5.3914031982421875,5.2903289794921875,-0.20545209023398356,-0.04983306018441303,0.037593361191750184,19.1557912,72.8540164,null,602,null,null,null,1540449413045
-0.00005245208740234375,0.00015497207641601562,-0.000080108642578125,7.5174102783203125,4.99658203125,4.759124755859375,-0.20545209023398356,-0.04983306018441303,0.037593361191750184,19.1557912,72.8540164,null,602,null,null,null,1540449416031
0,0,0,6.9598846435546875,4.4653778076171875,5.687530517578125,-0.20545209023398356,-0.04983306018441303,0.037593361191750184,19.1557912,72.8540164,null,602,null,null,null,1540449419053
0,0,0,-2.3721160888671875,9.085922241210938,2.64385986328125,-0.20545209023398356,-0.04983306018441303,0.037593361191750184,19.1557912,72.8540164,null,602,null,null,null,1540449422239
0,0,0,0.88690185546875,9.073944091796875,3.5387725830078125,-0.20545209023398356,-0.04983306018441303,0.037593361191750184,19.1557912,72.8540164,null,602,null,null,null,1540449425034
0,0,0,0.090087890625,9.834869384765625,-1.273193359375,-0.20545209023398356,-0.04983306018441303,0.037593361191750184,19.1559836,72.8541104,null,602,null,null,null,1540449428040
-0.00004653632640838623,0.00000286102294921875,-0.0002498552203178406,0.2216949462890625,9.952117919921875,0.093109130859375,-0.20545209023398356,-0.04983306018441303,0.037593361191750184,19.155819,72.8536867,null,602,null,null,null,1540449431231
0,0,0,2.301055908203125,9.0189208984375,-1.5435791015625,-0.20545209023398356,-0.04983306018441303,0.037593361191750184,19.1556359,72.8534827,null,602,null,null,null,1540449437060
-0.0000457763671875,0.000057220458984375,-0.00017452239990234375,2.0976715087890625,7.4396514892578125,1.8901214599609375,-0.20545209023398356,-0.04983306018441303,0.037593361191750184,19.155819,72.8536867,null,602,null,null,null,1540449440016
